A225 23 L 90 0 0 0 1189.2623
A225 24 F 0 1 1 0 750.6105
A225 25 F 0 0 0 0 910.0134
A225 26 F 120 0 0 0 990.8994
A225 27 G 30 0 0 0 587.8482
A225 28 F 0 1 1 0 629.818
A225 29 R 180 1 1 0 1400.4911
A225 30 R 120 1 1 0 1171.1142
A225 31 L 0 1 0 1 1622.3852
A225 32 F 180 1 1 0 1387.0064
A225 33 G 150 0 0 0 1212.391
A225 34 F 150 0 0 0 816.0722
A225 35 F 150 1 1 0 683.4598
A225 36 L 90 1 1 0 1668.133
A225 37 G 60 1 0 1 1195.3581
A225 38 G 0 0 0 0 832.7444
A225 39 F 150 1 1 0 1474.8654
A225 40 F 30 0 0 0 798.1274
A225 41 R 60 1 1 0 1174.0858
A225 42 G 0 0 0 0 827.7069
A225 43 G 90 0 0 0 913.6938
A225 44 R 120 0 0 0 698.4645
A225 45 R 0 0 0 0 1073.1923
A225 46 G 60 1 1 0 698.9444
A225 47 L 60 1 9997 1 2000.04
A225 48 R 150 1 1 0 1720.3617
A225 49 F 150 0 0 0 1057.8261
A225 50 L 0 1 1 0 1538.0678
A225 51 F 90 0 0 0 989.3872
A225 52 L 180 1 1 0 1429.692
A225 53 G 60 0 0 0 736.9124
A225 54 G 60 0 0 0 461.6366
A225 55 R 90 0 0 0 1035.1243
A225 56 L 30 1 1 0 1108.6549
A225 57 F 90 0 0 0 1061.9034
A225 58 R 120 0 0 0 541.425
A225 59 L 150 0 0 0 574.984
A225 60 F 90 1 1 0 700.8299
A225 61 G 180 1 9997 1 2000.0193
A225 62 L 180 1 1 0 1339.8264
A225 63 F 60 1 1 0 1600.8515
A225 64 F 180 0 0 0 858.3759
A225 65 G 120 1 1 0 1077.518
A225 66 F 60 0 0 0 627.9566
A225 67 G 30 1 1 0 963.2512
A225 68 R 60 0 0 0 647.2739
A225 69 G 150 0 0 0 635.7554
A225 70 R 180 0 0 0 1033.7378
A225 71 L 60 0 0 0 767.5076
A225 72 G 90 1 1 0 683.2852
A225 73 F 30 1 1 0 952.7948
A225 74 L 150 0 0 0 814.4937
A225 75 L 90 0 0 0 645.3113
A225 76 L 180 0 0 0 685.5142
A225 77 L 60 0 0 0 443.7114
A225 78 R 180 0 1 1 684.8572
A225 79 F 0 0 0 0 524.5954
A225 80 R 150 1 0 1 1010.4371
A225 81 F 120 0 0 0 849.5407
A225 82 R 120 1 1 0 1144.7421
A225 83 R 0 1 1 0 1465.5801
A225 84 F 30 1 1 0 1756.7174
A225 85 G 120 1 1 0 1834.9525
A225 86 F 180 0 0 0 980.6151
A225 87 F 30 0 0 0 626.5187
A225 88 R 60 1 1 0 746.8835
A225 89 L 150 1 1 0 1651.2805
A225 90 G 180 0 0 0 912.4562
A225 91 R 180 1 1 0 1978.1131
A225 92 R 150 0 0 0 921.3372
A225 93 G 90 0 0 0 654.8844
A225 94 G 0 1 1 0 1222.8054
A225 95 F 120 1 0 1 1581.5479
A225 96 L 180 0 1 1 1095.6666
A225 97 G 0 1 1 0 1157.3644
A225 98 L 30 0 0 0 683.3958
A225 99 G 30 1 1 0 1741.9317
A225 100 R 30 1 1 0 1377.8128
A225 101 R 60 0 0 0 710.8063
A225 102 F 60 0 0 0 577.0426
A225 103 L 30 0 0 0 549.8238
A225 104 L 90 1 1 0 1452.5768
A225 105 R 30 1 1 0 710.8473
A225 106 G 120 0 0 0 1501.2056
A225 107 F 120 1 1 0 866.2567
A225 108 F 180 1 9997 1 2000.0383
A225 109 R 90 0 0 0 889.9321
A225 110 L 30 1 1 0 1711.741
A225 111 R 0 1 1 0 497.8982
A225 112 L 60 1 1 0 1579.1161
A225 113 G 150 1 1 0 919.1794
A225 114 L 0 0 0 0 663.1734
A225 115 G 180 0 0 0 1991.4196
A225 116 L 120 0 0 0 749.4338
A225 117 L 120 1 1 0 953.2002
A225 118 G 90 1 1 0 1300.9014
A225 119 G 30 0 0 0 659.6864
A225 120 G 120 0 0 0 712.2254
A225 121 G 150 1 1 0 1607.5107
A225 122 G 180 1 9997 1 2000.0408
A225 123 F 90 1 1 0 940.236
A225 124 R 150 0 0 0 717.3054
A225 125 L 120 0 0 0 713.016
A225 126 L 120 1 1 0 771.5341
A225 127 R 0 0 0 0 818.2828
A225 128 R 90 1 1 0 675.6504
A225 129 R 30 0 0 0 951.7168
A225 130 F 60 1 1 0 637.809
A225 131 R 30 0 0 0 598.9543
A225 132 L 150 1 1 0 1411.1187
A225 133 L 0 0 0 0 689.2817
A225 134 R 90 1 1 0 580.7783
A225 135 G 60 0 9997 1 2000.0386
A225 136 R 90 1 1 0 1513.7365
A225 137 L 90 1 1 0 712.3484
A225 138 R 30 1 1 0 674.0672
A225 139 L 0 1 1 0 733.5692
A225 140 G 180 1 9997 1 2000.038
A225 141 R 150 0 0 0 1254.0993
A225 142 L 0 1 1 0 725.5383
A225 143 G 150 0 0 0 759.4208
A225 144 R 150 0 0 0 549.8109
A225 145 R 150 1 1 0 639.098
A225 146 R 30 0 0 0 866.3149
A225 147 F 150 1 1 0 1339.9178
A225 148 L 120 0 0 0 771.9048
A225 149 F 0 1 1 0 694.2796
A225 150 R 180 1 0 1 1878.253
A225 151 G 90 1 1 0 1696.2885
A225 152 G 0 1 1 0 870.3402
A225 153 G 30 0 0 0 754.1179
A225 154 R 0 0 0 0 890.6604
A225 155 F 90 0 0 0 643.8799
A225 156 F 30 1 1 0 725.4894
A225 157 R 120 1 0 1 702.3178
A225 158 R 90 0 0 0 1550.7817
A225 159 R 90 1 1 0 602.1313
A225 160 L 150 0 0 0 1258.9094
A225 161 L 60 1 1 0 1150.0663
A225 162 L 150 1 1 0 916.3528
A225 163 G 120 0 0 0 753.8997
A225 164 R 150 1 1 0 763.7406
A225 165 G 90 0 0 0 796.8968
A225 166 F 120 0 0 0 536.7101
A225 167 R 180 0 9997 1 2000.0386
A225 168 F 120 0 0 0 496.3525
A225 169 F 180 1 1 0 658.1708
A225 170 G 0 0 0 0 638.7572
A225 171 L 180 1 1 0 1166.2876
A225 172 G 150 1 9997 1 2000.0405
A225 173 R 60 0 0 0 511.6421
A225 174 L 180 1 1 0 1004.4293
A225 175 G 30 0 0 0 625.0895
A225 176 G 90 0 0 0 558.6285
A225 177 F 30 0 0 0 575.0608
A225 178 G 150 1 9997 1 2000.0168
A225 179 R 120 0 0 0 682.3878
A225 180 G 120 0 0 0 542.8243
A225 181 L 60 0 0 0 502.2532
A225 182 G 30 1 1 0 638.0054
A225 183 F 150 0 0 0 619.3687
A225 184 F 180 0 0 0 719.2436
A225 185 F 150 0 0 0 455.5624
A225 186 F 90 0 0 0 555.9126
A225 187 G 180 1 1 0 831.3579
A225 188 R 0 1 1 0 704.1454
A225 189 G 120 1 1 0 827.8181
A225 190 L 90 0 0 0 1376.0662
A225 191 R 120 1 1 0 605.232
A225 192 L 150 1 1 0 819.5729
A225 193 F 60 0 0 0 1121.4104
A225 194 L 60 0 0 0 464.9295
A225 195 L 150 0 0 0 627.67
A225 196 L 120 0 0 0 469.6217
A225 197 F 0 0 0 0 615.2223
A225 198 G 0 1 1 0 808.2946
A225 199 G 120 1 1 0 1408.0664
A225 200 L 30 1 1 0 1500.6058
A225 201 L 30 1 1 0 638.4423
A225 202 L 180 0 9997 1 2000.0391
A225 203 L 30 0 0 0 772.1898
A225 204 F 180 0 0 0 1065.8852
A225 205 L 90 1 0 1 1367.5665
A225 206 F 120 1 0 1 876.6771
A225 207 F 60 1 0 1 495.2624
A225 208 G 60 1 1 0 1686.6554
A225 209 L 120 1 0 1 1364.4242
A225 210 F 150 1 9997 1 2000.0246
A225 211 L 60 1 9997 1 2000.0237
A225 212 F 30 0 0 0 848.5696
A225 213 L 30 0 0 0 1029.3264
A225 214 R 30 1 1 0 551.9984
A225 215 R 180 1 1 0 1079.4123
A225 216 G 60 1 1 0 591.8925
A225 217 G 60 0 0 0 1200.0891
A225 218 G 30 1 9997 1 2000.0397
A225 219 G 90 1 1 0 1060.0738
A225 220 R 90 0 0 0 579.3653
A225 221 G 0 0 1 1 611.5788
A225 222 F 60 1 1 0 808.5279
A225 223 F 0 1 1 0 962.8872
A225 224 R 0 1 1 0 646.3182
A225 225 F 60 0 0 0 640.3392
A225 226 L 0 0 0 0 1388.7081
A225 227 F 120 1 1 0 852.8858
A225 228 F 30 1 1 0 551.7101
A225 229 L 180 0 0 0 655.2282
A225 230 G 150 0 0 0 592.9491
A225 231 L 120 1 1 0 699.5118
A225 232 F 90 1 0 1 919.0855
A225 233 F 180 1 1 0 1501.4369
A225 234 R 0 0 0 0 632.6609
A225 235 R 180 0 0 0 1008.4365
A225 236 F 0 0 0 0 509.424
A225 237 L 90 0 0 0 525.8219
A225 238 G 180 0 0 0 934.2419
A225 239 F 90 1 1 0 830.4405
A225 240 R 60 1 0 1 779.8223
A225 241 R 120 0 0 0 717.449
A225 242 R 60 1 1 0 894.1472
A225 243 R 60 0 0 0 618.2244
A225 244 G 180 0 0 0 1496.2896
A225 245 R 30 0 0 0 564.8006
A225 246 L 0 0 0 0 459.6668
