B003 18 F 150 1 0 1 1588.2996
B003 19 L 120 1 0 1 1456.834
B003 20 F 90 0 1 1 1199.7533
B003 21 F 180 0 9997 1 2000.0265
B003 22 L 0 0 0 0 947.407
B003 23 L 90 1 1 0 956.7294
B003 24 F 60 0 0 0 948.5105
B003 25 G 30 1 1 0 967.181
B003 26 R 180 0 0 0 1123.0405
B003 27 G 90 0 0 0 677.9686
B003 28 G 120 0 0 0 622.309
B003 29 G 90 1 1 0 1362.8467
B003 30 L 90 0 0 0 983.9139
B003 31 F 60 1 0 1 1527.1525
B003 32 F 120 1 1 0 1625.4773
B003 33 G 0 1 1 0 729.5204
B003 34 R 60 0 0 0 904.841
B003 35 R 150 1 1 0 1121.0078
B003 36 F 0 1 1 0 1087.0125
B003 37 F 120 0 0 0 878.684
B003 38 F 180 1 1 0 958.9034
B003 39 G 0 0 0 0 715.0548
B003 40 F 30 0 0 0 664.9714
B003 41 R 30 1 1 0 633.7663
B003 42 L 150 0 0 0 1108.3261
B003 43 R 180 0 0 0 1154.6065
B003 44 G 60 1 1 0 831.7515
B003 45 L 60 0 0 0 692.2282
B003 46 R 60 0 0 0 629.5113
B003 47 G 30 1 1 0 565.9161
B003 48 F 0 0 0 0 912.3355
B003 49 R 150 0 0 0 769.7693
B003 50 L 0 1 1 0 760.7148
B003 51 L 180 1 0 1 987.2467
B003 52 G 30 0 0 0 926.7697
B003 53 L 90 1 1 0 747.935
B003 54 G 120 1 1 0 675.4286
B003 55 R 0 1 1 0 714.8646
B003 56 L 90 0 0 0 684.3635
B003 57 L 30 0 0 0 453.0274
B003 58 F 120 0 1 1 630.4335
B003 59 G 120 1 1 0 770.7482
B003 60 F 90 0 0 0 822.5224
B003 61 R 30 1 1 0 727.1231
B003 62 L 0 0 0 0 671.2683
B003 63 L 120 0 0 0 863.4796
B003 64 R 30 0 0 0 571.6218
B003 65 G 60 0 0 0 624.7319
B003 66 G 150 1 1 0 582.973
B003 67 F 180 0 0 0 1177.2211
B003 68 G 0 1 1 0 702.7198
B003 69 G 60 0 0 0 690.7336
B003 70 R 150 1 1 0 1251.6686
B003 71 R 90 1 1 0 1031.8532
B003 72 G 150 1 1 0 661.2421
B003 73 F 90 1 1 0 1310.549
B003 74 R 90 1 1 0 1017.6668
B003 75 F 0 0 0 0 539.4786
B003 76 G 60 1 1 0 998.6403
B003 77 F 120 1 1 0 634.7396
B003 78 G 180 1 1 0 572.8108
B003 79 G 150 0 1 1 511.5977
B003 80 G 120 0 0 0 659.0312
B003 81 R 120 1 1 0 902.0409
B003 82 R 180 1 1 0 735.1789
B003 83 R 0 1 1 0 893.194
B003 84 F 60 0 0 0 588.0507
B003 85 G 90 1 1 0 633.602
B003 86 R 120 0 0 0 866.0771
B003 87 R 150 0 0 0 585.2593
B003 88 R 30 0 0 0 1235.397
B003 89 F 150 0 1 1 871.8181
B003 90 G 30 0 0 0 524.4717
B003 91 F 30 1 1 0 860.2948
B003 92 F 60 1 1 0 708.1283
B003 93 L 150 0 0 0 1550.5825
B003 94 L 180 0 0 0 1065.0337
B003 95 G 180 0 0 0 974.9499
B003 96 G 90 0 0 0 1030.2019
B003 97 L 60 0 0 0 610.6804
B003 98 R 60 1 1 0 631.6222
B003 99 L 120 0 0 0 747.34
B003 100 L 30 0 0 0 613.654
B003 101 R 0 0 0 0 912.3076
B003 102 L 30 1 1 0 738.148
B003 103 G 0 0 0 0 520.5058
B003 104 L 150 1 1 0 940.9989
B003 105 L 180 0 0 0 1843.4418
B003 106 F 30 0 0 0 802.8744
B003 107 R 120 1 1 0 749.9582
B003 108 L 120 1 0 1 1055.7956
B003 109 L 0 1 1 0 822.4333
B003 110 R 90 0 0 0 689.7843
B003 111 G 180 0 0 0 1326.4753
B003 112 L 30 1 9997 1 2000.024
B003 113 L 60 1 1 0 687.0868
B003 114 F 150 0 0 0 783.1199
B003 115 G 180 1 1 0 826.4201
B003 116 R 0 0 0 0 750.4705
B003 117 R 120 0 0 0 746.1412
B003 118 R 180 1 1 0 721.4395
B003 119 R 60 1 1 0 1443.0303
B003 120 F 90 1 0 1 735.2331
B003 121 G 150 0 0 0 1202.0782
B003 122 F 180 1 1 0 1597.6014
B003 123 F 0 1 1 0 733.6497
B003 124 R 90 0 0 0 869.3312
B003 125 L 150 1 1 0 869.9245
B003 126 L 60 1 1 0 1051.4968
B003 127 L 180 1 1 0 1063.553
B003 128 F 150 1 1 0 1111.7053
B003 129 F 30 1 1 0 907.422
B003 130 F 90 1 1 0 724.0647
B003 131 F 150 1 1 0 480.7798
B003 132 L 180 0 0 0 1500.401
B003 133 F 150 1 1 0 657.8618
B003 134 L 90 0 0 0 803.2867
B003 135 R 120 0 0 0 1083.3869
B003 136 L 180 1 1 0 1042.5738
B003 137 R 60 0 0 0 645.9494
B003 138 G 60 1 1 0 758.8037
B003 139 L 90 1 1 0 892.9397
B003 140 R 0 0 0 0 603.6885
B003 141 G 0 1 1 0 1846.2676
B003 142 F 90 0 0 0 793.0586
B003 143 G 180 0 0 0 1343.0414
B003 144 G 150 0 0 0 488.9362
B003 145 L 150 0 0 0 698.8519
B003 146 F 120 0 0 0 802.6665
B003 147 L 150 1 1 0 824.9479
B003 148 F 30 0 0 0 582.8752
B003 149 L 30 0 0 0 574.0724
B003 150 G 0 0 0 0 485.5125
B003 151 L 60 1 1 0 614.9505
B003 152 R 90 0 0 0 484.7222
B003 153 F 30 1 1 0 619.441
B003 154 F 60 1 1 0 653.1542
B003 155 F 120 0 0 0 586.5868
B003 156 L 90 1 1 0 679.9579
B003 157 G 30 0 0 0 472.7151
B003 158 F 120 1 1 0 608.4807
B003 159 G 120 0 0 0 496.9254
B003 160 G 90 0 0 0 632.0937
B003 161 L 0 0 0 0 530.2358
B003 162 G 30 1 1 0 716.5855
B003 163 G 120 1 1 0 599.605
B003 164 G 90 0 0 0 656.1622
B003 165 F 180 0 0 0 1177.6502
B003 166 L 120 0 0 0 759.3976
B003 167 F 60 1 1 0 648.4073
B003 168 R 150 0 0 0 792.9974
B003 169 F 0 0 0 0 954.366
B003 170 L 120 0 0 0 1331.6444
B003 171 F 0 0 0 0 655.5367
B003 172 F 150 0 1 1 726.7625
B003 173 G 30 1 1 0 930.7948
B003 174 L 0 1 1 0 1279.6545
B003 175 L 120 1 1 0 1197.5391
B003 176 F 180 1 1 0 1335.3206
B003 177 R 30 0 0 0 611.7702
B003 178 R 180 1 1 0 1108.3861
B003 179 R 0 1 0 1 652.9252
B003 180 G 120 1 1 0 1232.1809
B003 181 F 30 1 1 0 494.0251
B003 182 L 0 0 0 0 595.7648
B003 183 G 180 0 1 1 671.8915
B003 184 R 0 0 0 0 632.1675
B003 185 G 150 0 0 0 926.0264
B003 186 R 150 1 1 0 783.1898
B003 187 R 90 1 0 1 747.2645
B003 188 L 90 0 0 0 1033.1319
B003 189 R 120 0 0 0 1164.833
B003 190 R 0 1 1 0 735.9486
B003 191 L 60 0 0 0 600.3956
B003 192 R 120 1 1 0 1101.6707
B003 193 R 180 1 1 0 1140.9956
B003 194 G 0 1 1 0 801.8952
B003 195 F 30 0 0 0 582.5215
B003 196 G 180 1 1 0 1283.5802
B003 197 R 30 1 1 0 868.5501
B003 198 L 0 1 1 0 1260.9041
B003 199 R 180 0 1 1 751.2466
B003 200 G 30 0 0 0 738.393
B003 201 G 180 1 1 0 1617.0734
B003 202 F 0 1 1 0 1243.4527
B003 203 R 30 0 0 0 630.0105
B003 204 G 60 1 1 0 605.8689
B003 205 L 60 0 0 0 590.165
B003 206 G 0 0 0 0 586.1603
B003 207 F 180 1 1 0 547.5411
B003 208 L 120 1 1 0 681.7068
B003 209 R 150 0 0 0 757.3784
B003 210 L 30 1 1 0 600.9308
B003 211 G 90 1 1 0 643.3281
B003 212 R 60 1 1 0 560.6995
B003 213 R 60 0 0 0 550.8317
B003 214 G 60 0 0 0 583.511
B003 215 R 150 1 1 0 875.0612
B003 216 F 60 0 0 0 762.2262
B003 217 F 0 1 1 0 1330.9625
B003 218 L 150 0 0 0 935.5739
B003 219 F 90 0 0 0 816.9128
B003 220 G 120 0 0 0 531.2563
B003 221 G 150 1 1 0 657.5587
B003 222 L 180 0 0 0 1091.8647
B003 223 L 180 1 0 1 220.0229
B003 224 F 180 0 9997 1 2000.0388
B003 225 L 30 1 1 0 691.7653
B003 226 G 150 1 0 1 1067.574
B003 227 R 180 0 0 0 1157.3921
B003 228 R 60 1 1 0 614.0194
B003 229 R 90 0 0 0 759.1593
B003 230 F 120 1 1 0 1280.3345
B003 231 F 150 0 0 0 1022.6831
B003 232 L 30 0 0 0 1305.438
B003 233 L 60 1 1 0 562.8855
B003 234 G 60 0 0 0 638.734
B003 235 G 90 1 1 0 887.0675
B003 236 R 30 1 1 0 696.412
B003 237 F 60 0 0 0 613.0301
B003 238 F 90 1 1 0 678.7695
B003 239 R 120 1 1 0 567.6227
B003 240 R 90 1 1 0 680.5952
B003 241 L 150 1 1 0 568.3077
