F002 20 L 0 0 1 1 883.3128
F002 21 L 180 0 1 1 935.4298
F002 22 F 0 1 0 1 1036.2814
F002 23 F 90 1 0 1 1471.9751
F002 24 L 90 0 9997 1 2000.0439
F002 25 L 60 0 1 1 1098.1968
F002 26 G 180 0 1 1 989.3042
F002 27 G 180 1 0 1 812.1851
F002 28 G 120 1 0 1 1310.0104
F002 29 G 90 0 0 0 1793.4402
F002 30 R 30 0 0 0 641.7237
F002 31 L 0 1 1 0 685.0021
F002 32 L 90 0 1 1 1452.2418
F002 33 G 150 1 9997 1 2000.0399
F002 34 G 60 0 0 0 840.1168
F002 35 L 180 0 0 0 1094.8939
F002 36 F 0 0 0 0 789.7571
F002 37 L 90 1 0 1 953.8785
F002 38 G 180 1 1 0 1086.7686
F002 39 F 120 1 1 0 1338.9554
F002 40 G 60 0 0 0 711.9503
F002 41 L 150 1 0 1 919.409
F002 42 L 120 0 1 1 1044.7308
F002 43 G 60 1 1 0 1229.7244
F002 44 R 120 1 1 0 1414.2384
F002 45 G 120 0 0 0 971.9844
F002 46 R 0 0 0 0 661.795
F002 47 L 60 0 0 0 823.5197
F002 48 G 90 1 1 0 803.7829
F002 49 G 180 0 1 1 682.8019
F002 50 L 60 1 0 1 750.7138
F002 51 G 0 0 0 0 818.1006
F002 52 F 120 0 0 0 797.0818
F002 53 L 120 1 1 0 764.5187
F002 54 L 90 1 1 0 606.198
F002 55 F 120 1 1 0 1038.7013
F002 56 G 150 0 0 0 1024.129
F002 57 F 60 0 0 0 710.4487
F002 58 F 60 1 1 0 635.6892
F002 59 R 120 0 0 0 986.3052
F002 60 L 0 0 0 0 572.1741
F002 61 G 30 0 0 0 592.2057
F002 62 L 150 0 0 0 607.237
F002 63 G 90 1 1 0 660.9804
F002 64 F 150 0 0 0 621.7754
F002 65 R 90 0 0 0 625.9516
F002 66 F 30 0 0 0 470.8657
F002 67 G 150 0 0 0 540.5307
F002 68 F 180 1 1 0 639.8492
F002 69 L 30 1 1 0 690.542
F002 70 R 180 1 0 1 1438.5745
F002 71 F 30 1 1 0 856.8561
F002 72 F 150 0 0 0 863.2326
F002 73 F 120 0 0 0 515.6627
F002 74 R 0 0 0 0 528.0425
F002 75 F 90 0 0 0 446.8655
F002 76 R 180 0 1 1 565.5696
F002 77 F 180 1 0 1 938.2871
F002 78 F 30 1 1 0 694.4271
F002 79 G 30 1 1 0 1561.5948
F002 80 L 180 1 1 0 1125.7702
F002 81 R 180 1 1 0 1253.5319
F002 82 F 180 0 1 1 1181.4868
F002 83 G 150 1 0 1 1133.0532
F002 84 G 90 0 0 0 964.4525
F002 85 F 0 0 0 0 563.3543
F002 86 R 0 1 1 0 728.2621
F002 87 F 60 0 0 0 606.7263
F002 88 G 60 1 1 0 701.8252
F002 89 R 180 0 0 0 1013.8434
F002 90 R 150 1 0 1 908.7878
F002 91 L 30 0 0 0 885.1659
F002 92 G 0 1 1 0 836.515
F002 93 R 60 1 0 1 875.6672
F002 94 F 90 1 1 0 993.9051
F002 95 G 30 1 0 1 1454.6114
F002 96 L 120 1 1 0 1551.9615
F002 97 F 0 1 1 0 892.4134
F002 98 F 180 0 1 1 1203.3951
F002 99 R 120 0 1 1 1059.7327
F002 100 G 120 1 1 0 1868.2067
F002 101 L 30 1 1 0 1096.629
F002 102 L 30 0 0 0 901.062
F002 103 R 90 1 1 0 1390.2348
F002 104 R 30 1 1 0 807.525
F002 105 R 60 0 0 0 687.3734
F002 106 G 120 0 0 0 1501.4551
F002 107 R 60 1 0 1 1220.8708
F002 108 L 60 1 1 0 981.3328
F002 109 R 90 0 0 0 1227.423
F002 110 R 120 1 1 0 734.7775
F002 111 R 150 1 1 0 692.7716
F002 112 F 30 0 0 0 614.1429
F002 113 F 150 1 1 0 818.5937
F002 114 F 60 1 1 0 889.2731
F002 115 L 0 1 1 0 744.9726
F002 116 F 90 0 0 0 668.1545
F002 117 R 30 1 1 0 593.5439
F002 118 L 150 0 1 1 1039.7444
F002 119 R 150 0 1 1 600.8727
F002 120 F 150 1 0 1 1250.1206
F002 121 R 30 0 1 1 780.8205
F002 122 R 60 0 0 0 566.1018
F002 123 L 120 0 0 0 585.4683
F002 124 R 0 1 1 0 619.6461
F002 125 L 150 1 1 0 788.4957
F002 126 R 90 1 1 0 886.6423
F002 127 G 30 0 0 0 613.7152
F002 128 G 0 0 0 0 474.0709
F002 129 R 150 0 0 0 540.6818
F002 130 G 0 1 1 0 637.3947
F002 131 L 180 1 1 0 879.0642
F002 132 R 60 0 0 0 656.5287
F002 133 G 0 0 0 0 469.3868
F002 134 G 120 1 1 0 577.3267
F002 135 R 90 0 0 0 566.539
F002 136 L 0 0 0 0 446.8386
F002 137 L 0 1 1 0 518.253
F002 138 G 0 1 1 0 784.4804
F002 139 L 30 0 0 0 592.351
F002 140 F 60 0 0 0 550.9371
F002 141 F 120 0 0 0 668.4755
F002 142 L 60 0 0 0 459.15
F002 143 R 150 0 0 0 979.2454
F002 144 F 150 0 0 0 686.5739
F002 145 L 150 0 0 0 543.8186
F002 146 G 150 0 0 0 604.2651
F002 147 F 60 0 0 0 579.406
F002 148 F 90 1 1 0 462.418
F002 149 R 60 1 1 0 693.1171
F002 150 F 180 1 0 1 731.9436
F002 151 L 90 1 1 0 1306.1811
F002 152 L 180 1 1 0 830.7751
F002 153 R 60 0 0 0 684.8094
F002 154 F 120 1 0 1 835.243
F002 155 F 180 0 1 1 1636.7698
F002 156 F 150 1 1 0 1361.4848
F002 157 G 90 0 0 0 1123.8995
F002 158 G 120 0 0 0 692.283
F002 159 G 120 0 0 0 501.9708
F002 160 R 150 0 0 0 730.9594
F002 161 R 0 0 0 0 581.2691
F002 162 G 180 1 1 0 599.8631
F002 163 R 90 1 1 0 877.0333
F002 164 F 0 0 0 0 536.7693
F002 165 F 90 0 0 0 974.3596
F002 166 G 150 0 1 1 823.4111
F002 167 L 90 0 0 0 668.6646
F002 168 G 150 1 1 0 731.7497
F002 169 R 120 0 0 0 1197.717
F002 170 R 30 1 1 0 685.4832
F002 171 R 180 1 1 0 752.6035
F002 172 G 0 1 1 0 700.0493
F002 173 L 150 0 0 0 621.2762
F002 174 R 150 1 0 1 910.6859
F002 175 R 120 1 1 0 652.8975
F002 176 L 90 1 1 0 1209.8096
F002 177 R 90 0 0 0 768.5362
F002 178 F 30 0 0 0 523.3204
F002 179 L 180 1 1 0 889.8556
F002 180 R 30 0 0 0 829.0679
F002 181 L 30 0 0 0 513.1987
F002 182 F 120 1 1 0 760.4545
F002 183 L 120 1 0 1 998.0171
F002 184 L 180 0 1 1 1444.7085
F002 185 R 180 0 1 1 1355.194
F002 186 R 0 1 1 0 988.1496
F002 187 F 150 1 0 1 1435.136
F002 188 F 30 1 1 0 733.774
F002 189 G 180 0 0 0 1218.4451
F002 190 F 0 1 1 0 795.6631
F002 191 G 150 1 0 1 1100.9829
F002 192 F 180 1 1 0 1499.1808
F002 193 L 0 0 0 0 694.7855
F002 194 R 120 0 0 0 974.9848
F002 195 R 90 1 1 0 627.1699
F002 196 F 120 0 0 0 860.825
F002 197 G 90 1 1 0 780.314
F002 198 L 120 0 0 0 618.8896
F002 199 G 180 1 1 0 715.9086
F002 200 L 120 0 0 0 641.1569
F002 201 F 30 1 1 0 726.7742
F002 202 R 120 1 1 0 855.9498
F002 203 G 180 0 1 1 923.7579
F002 204 G 60 0 0 0 659.6486
F002 205 F 60 1 1 0 781.3147
F002 206 G 30 1 1 0 862.0612
F002 207 G 90 1 1 0 642.4194
F002 208 R 30 0 0 0 593.0041
F002 209 F 60 1 1 0 1143.2903
F002 210 R 60 1 1 0 915.3174
F002 211 L 180 0 0 0 1160.6335
F002 212 G 60 1 1 0 1259.9506
F002 213 R 0 0 0 0 988.4835
F002 214 L 60 1 1 0 1611.6009
F002 215 F 90 0 0 0 800.4864
F002 216 L 60 0 0 0 585.2688
F002 217 G 90 0 0 0 542.1854
F002 218 R 150 1 1 0 701.6358
F002 219 L 120 1 1 0 740.298
F002 220 F 90 1 1 0 716.8833
F002 221 F 0 0 0 0 542.9011
F002 222 F 180 0 1 1 564.9553
F002 223 R 180 1 0 1 983.9248
F002 224 F 30 0 0 0 822.9018
F002 225 L 0 1 1 0 1119.5225
F002 226 G 60 0 0 0 675.3741
F002 227 G 30 0 0 0 541.459
F002 228 L 30 1 1 0 694.6106
F002 229 F 0 1 1 0 714.0558
F002 230 G 120 1 0 1 858.6918
F002 231 G 30 0 0 0 566.0474
F002 232 L 60 1 1 0 786.7327
F002 233 F 150 0 0 0 747.2883
F002 234 R 180 0 0 0 1218.4029
F002 235 L 150 1 0 1 652.4497
F002 236 L 150 1 1 0 508.5493
F002 237 R 0 1 1 0 845.9307
F002 238 G 60 1 1 0 789.9004
F002 239 G 0 0 0 0 748.356
F002 240 G 30 1 1 0 696.3016
F002 241 R 30 1 0 1 927.5176
F002 242 L 30 1 1 0 1095.0923
F002 243 L 90 0 1 1 972.1082
