P003 21 F 150 0 1 1 1024.8431
P003 22 G 180 1 0 1 1048.9626
P003 23 F 60 0 1 1 894.3201
P003 24 L 0 1 1 0 1533.0524
P003 25 F 90 1 1 0 1362.6399
P003 26 F 120 0 0 0 694.3542
P003 27 R 180 0 0 0 1339.8848
P003 28 G 0 0 0 0 1187.5805
P003 29 L 180 1 0 1 1927.2279
P003 30 F 90 1 1 0 1141.1439
P003 31 F 60 1 1 0 805.9362
P003 32 R 0 1 1 0 931.8142
P003 33 R 90 0 0 0 1245.7946
P003 34 R 60 1 1 0 932.3417
P003 35 F 60 1 1 0 962.2136
P003 36 G 120 1 1 0 1668.6358
P003 37 G 90 1 0 1 1588.7977
P003 38 F 0 1 1 0 773.6989
P003 39 G 180 0 0 0 1424.9764
P003 40 L 90 1 1 0 1725.5514
P003 41 F 30 0 0 0 804.0726
P003 42 L 0 0 0 0 1049.7127
P003 43 R 120 1 1 0 1971.7838
P003 44 R 90 0 0 0 730.8057
P003 45 R 150 1 1 0 961.9491
P003 46 F 180 0 0 0 1914.7118
P003 47 L 90 0 0 0 764.7173
P003 48 L 120 1 1 0 777.8807
P003 49 R 150 1 1 0 793.329
P003 50 G 60 1 1 0 1003.1373
P003 51 L 0 1 1 0 889.0993
P003 52 F 0 0 0 0 454.0295
P003 53 R 60 1 1 0 591.3215
P003 54 G 0 1 1 0 1476.5622
P003 55 L 30 0 0 0 681.5905
P003 56 L 120 0 0 0 983.0057
P003 57 G 90 1 0 1 1930.7138
P003 58 F 120 1 1 0 1115.4834
P003 59 R 90 1 1 0 709.543
P003 60 R 180 1 1 0 1327.9355
P003 61 L 120 1 1 0 772.1917
P003 62 G 60 0 0 0 597.6785
P003 63 F 180 0 0 0 987.1928
P003 64 L 150 1 1 0 929.4279
P003 65 L 150 0 0 0 953.6595
P003 66 G 60 1 1 0 1725.8171
P003 67 R 0 0 0 0 1053.6375
P003 68 G 180 1 1 0 1102.1786
P003 69 L 150 1 0 1 1141.637
P003 70 L 180 1 1 0 1677.2059
P003 71 F 180 1 1 0 1557.2915
P003 72 G 150 1 9997 1 2000.0397
P003 73 G 150 0 0 0 866.9719
P003 74 L 180 0 0 0 1101.6124
P003 75 F 30 1 1 0 885.1773
P003 76 R 60 0 0 0 709.1144
P003 77 L 30 1 1 0 594.3638
P003 78 R 0 0 0 0 747.6227
P003 79 G 120 1 1 0 745.6288
P003 80 F 180 1 1 0 1242.8585
P003 81 G 180 0 1 1 802.6327
P003 82 R 180 1 1 0 1043.5022
P003 83 L 150 0 0 0 885.8039
P003 84 G 90 0 0 0 771.9344
P003 85 G 30 1 1 0 722.2446
P003 86 G 30 0 0 0 741.9138
P003 87 G 150 1 1 0 909.9486
P003 88 R 30 0 0 0 588.1083
P003 89 F 30 1 1 0 538.5235
P003 90 G 150 0 0 0 819.9039
P003 91 F 90 0 0 0 666.8473
P003 92 G 0 1 1 0 838.5429
P003 93 R 120 0 0 0 572.4834
P003 94 R 180 0 0 0 961.6418
P003 95 L 60 0 0 0 581.1848
P003 96 L 60 1 1 0 652.2608
P003 97 L 90 0 0 0 682.4865
P003 98 L 90 1 1 0 561.991
P003 99 G 60 0 0 0 500.4474
P003 100 G 0 0 0 0 554.0958
P003 101 F 120 0 0 0 568.4594
P003 102 L 0 0 0 0 633.7023
P003 103 R 30 0 0 0 655.7118
P003 104 G 120 0 0 0 634.1577
P003 105 R 150 0 0 0 614.1462
P003 106 F 120 1 1 0 612.253
P003 107 F 30 0 0 0 504.7697
P003 108 G 30 1 1 0 533.8248
P003 109 R 120 0 0 0 591.133
P003 110 G 30 0 0 0 479.4573
P003 111 R 30 1 1 0 430.7637
P003 112 L 30 1 1 0 502.1901
P003 113 L 180 0 1 1 448.8316
P003 114 L 120 0 0 0 958.9263
P003 115 R 90 1 1 0 541.2875
P003 116 L 60 1 1 0 566.2619
P003 117 L 30 0 0 0 458.5343
P003 118 R 30 1 1 0 502.765
P003 119 R 150 0 0 0 748.4024
P003 120 R 60 0 0 0 561.4688
P003 121 L 60 0 0 0 616.7203
P003 122 F 150 0 0 0 912.592
P003 123 G 120 0 0 0 575.2639
P003 124 F 0 1 1 0 401.4278
P003 125 F 150 1 1 0 837.1472
P003 126 F 60 0 0 0 415.9294
P003 127 F 0 0 1 1 405.9195
P003 128 R 0 1 1 0 732.6255
P003 129 F 90 0 0 0 477.0615
P003 130 G 90 0 0 0 519.5116
P003 131 F 150 1 1 0 653.3814
P003 132 R 120 1 1 0 596.038
P003 133 R 120 0 0 0 687.824
P003 134 L 0 1 1 0 503.7892
P003 135 L 120 0 1 1 446.2034
P003 136 F 0 1 1 0 604.4131
P003 137 F 0 0 0 0 358.7699
P003 138 F 120 0 0 0 566.5497
P003 139 L 0 1 1 0 753.0519
P003 140 F 30 0 0 0 419.7335
P003 141 G 30 0 0 0 475.9881
P003 142 F 30 0 0 0 425.1853
P003 143 G 150 0 0 0 725.5548
P003 144 G 60 1 1 0 1502.6739
P003 145 G 180 0 0 0 1328.166
P003 146 L 90 1 1 0 820.0254
P003 147 F 150 1 1 0 1044.0894
P003 148 R 90 1 1 0 835.3145
P003 149 F 90 0 0 0 707.9643
P003 150 G 30 1 1 0 818.3174
P003 151 R 60 1 1 0 522.7704
P003 152 R 120 1 1 0 639.9746
P003 153 R 180 0 0 0 1497.7616
P003 154 L 60 1 1 0 533.4823
P003 155 F 120 0 0 0 643.4801
P003 156 G 150 1 1 0 909.8645
P003 157 F 120 1 1 0 639.7185
P003 158 R 0 0 0 0 542.6402
P003 159 R 180 1 1 0 1007.8789
P003 160 G 90 1 1 0 1342.5159
P003 161 R 30 0 0 0 494.0268
P003 162 G 180 1 1 0 1562.8704
P003 163 L 60 0 0 0 484.6739
P003 164 R 150 1 1 0 530.3914
P003 165 F 60 0 0 0 424.3349
P003 166 F 180 0 0 0 829.173
P003 167 R 30 1 1 0 612.6368
P003 168 L 30 0 0 0 389.052
P003 169 L 150 1 1 0 669.5069
P003 170 R 90 1 1 0 533.1024
P003 171 G 120 1 1 0 764.9634
P003 172 R 90 0 0 0 402.5087
P003 173 R 30 0 0 0 456.4826
P003 174 L 180 0 0 0 910.9376
P003 175 L 150 1 1 0 675.7845
P003 176 L 30 0 0 0 508.0489
P003 177 R 150 1 1 0 798.3967
P003 178 G 30 0 0 0 414.1934
P003 179 L 150 0 0 0 1007.1942
P003 180 L 150 0 0 0 755.6547
P003 181 G 150 1 1 0 734.7506
P003 182 F 180 1 1 0 1134.7163
P003 183 R 120 1 1 0 597.2603
P003 184 R 0 1 1 0 789.8982
P003 185 R 150 0 0 0 542.8492
P003 186 R 120 0 0 0 554.7258
P003 187 F 150 0 0 0 743.3816
P003 188 G 30 1 1 0 612.8058
P003 189 G 180 0 0 0 1216.9432
P003 190 L 90 0 0 0 655.8979
P003 191 R 30 1 1 0 988.12
P003 192 F 60 1 1 0 563.004
P003 193 F 90 1 1 0 573.8768
P003 194 G 120 0 0 0 567.4836
P003 195 R 0 1 1 0 509.0192
P003 196 R 180 0 0 0 891.5155
P003 197 G 120 0 0 0 435.4056
P003 198 F 90 0 0 0 417.4282
P003 199 L 0 0 0 0 646.4129
P003 200 G 0 1 1 0 527.5894
P003 201 R 90 0 0 0 735.1169
P003 202 G 0 0 0 0 407.7443
P003 203 F 60 0 0 0 389.9275
P003 204 L 60 0 0 0 443.1773
P003 205 G 90 0 0 0 602.9294
P003 206 R 60 0 0 0 464.8789
P003 207 L 120 0 0 0 440.5582
P003 208 R 0 0 0 0 492.9115
P003 209 F 0 0 0 0 772.4711
P003 210 F 150 0 0 0 527.531
P003 211 L 30 1 1 0 465.5019
P003 212 L 120 1 1 0 519.5199
P003 213 G 0 0 0 0 379.9877
P003 214 G 120 1 1 0 1012.2233
P003 215 F 120 1 1 0 558.5808
P003 216 F 60 1 1 0 813.1316
P003 217 G 150 0 0 0 844.4059
P003 218 F 180 1 1 0 1056.2915
P003 219 F 30 1 1 0 845.2538
P003 220 G 60 0 0 0 418.0948
P003 221 F 150 1 1 0 622.5668
P003 222 L 180 0 0 0 932.4565
P003 223 G 90 1 1 0 543.1794
P003 224 F 180 0 0 0 792.2066
P003 225 L 90 0 0 0 731.94
P003 226 F 30 1 1 0 934.9239
P003 227 R 60 0 0 0 435.9096
P003 228 R 180 1 1 0 904.9837
P003 229 R 60 1 1 0 563.7608
P003 230 G 60 1 1 0 568.0348
P003 231 F 0 1 1 0 566.4692
P003 232 L 30 1 1 0 483.9302
P003 233 L 60 1 1 0 411.7618
P003 234 L 90 1 1 0 408.1787
P003 235 L 180 1 1 0 903.098
P003 236 G 60 0 0 0 635.8445
P003 237 G 0 1 1 0 720.976
P003 238 F 90 1 1 0 549.2304
P003 239 L 0 0 0 0 629.4901
P003 240 G 90 0 0 0 675.0486
P003 241 L 180 1 1 0 756.8442
P003 242 L 120 1 1 0 1191.2254
P003 243 R 150 0 0 0 547.4822
P003 244 G 180 1 1 0 1636.8779
