L003 29 F 30 1 1 0 863.7162
L003 30 F 120 1 1 0 883.3321
L003 31 R 60 1 1 0 846.1561
L003 32 L 60 1 0 1 1413.1986
L003 33 G 120 1 1 0 1374.7278
L003 34 L 60 0 0 0 538.8274
L003 35 G 150 1 0 1 1744.9796
L003 36 F 150 0 0 0 622.245
L003 37 R 0 0 0 0 472.4771
L003 38 R 180 1 0 1 1800.7789
L003 39 L 150 1 0 1 713.5924
L003 40 F 120 1 1 0 1000.8255
L003 41 G 150 0 0 0 642.9057
L003 42 F 90 0 0 0 549.1785
L003 43 R 30 1 1 0 576.2967
L003 44 L 30 0 0 0 540.6332
L003 45 F 0 1 0 1 571.9727
L003 46 L 0 1 1 0 775.4938
L003 47 G 180 1 0 1 841.6327
L003 48 F 150 1 1 0 897.2445
L003 49 G 30 0 0 0 534.8479
L003 50 L 60 1 1 0 846.3844
L003 51 G 30 1 1 0 1327.821
L003 52 G 120 0 0 0 757.8005
L003 53 R 0 0 0 0 540.008
L003 54 F 60 0 0 0 522.0694
L003 55 G 90 0 0 0 457.0464
L003 56 G 150 0 0 0 479.8557
L003 57 L 150 0 0 0 743.4029
L003 58 G 0 1 1 0 826.3377
L003 59 F 180 1 1 0 1315.4588
L003 60 F 90 1 1 0 1011.2551
L003 61 L 90 1 1 0 896.517
L003 62 L 150 0 0 0 1034.2147
L003 63 F 180 0 0 0 1074.2522
L003 64 G 30 1 1 0 1652.4751
L003 65 R 150 1 1 0 890.4897
L003 66 L 180 1 9997 1 2000.0327
L003 67 L 30 1 1 0 1468.5794
L003 68 L 0 0 0 0 510.9563
L003 69 R 180 0 0 0 936.4618
L003 70 L 120 0 0 0 582.8853
L003 71 F 180 1 1 0 914.8434
L003 72 F 30 0 0 0 548.6812
L003 73 G 60 1 1 0 706.3655
L003 74 F 150 1 1 0 698.8017
L003 75 L 0 1 1 0 994.097
L003 76 R 150 1 1 0 768.0518
L003 77 R 30 1 1 0 848.6495
L003 78 F 60 0 0 0 595.0575
L003 79 R 60 0 0 0 714.7316
L003 80 F 60 1 1 0 820.7552
L003 81 G 60 1 1 0 1302.189
L003 82 L 30 1 1 0 880.4348
L003 83 R 0 1 1 0 855.5531
L003 84 L 120 1 1 0 666.235
L003 85 G 90 0 0 0 642.0626
L003 86 R 30 0 0 0 597.6377
L003 87 R 180 1 1 0 915.929
L003 88 R 90 1 1 0 690.9191
L003 89 F 30 0 0 0 532.1363
L003 90 R 120 0 0 0 667.674
L003 91 R 60 1 1 0 601.8488
L003 92 F 120 0 0 0 544.32
L003 93 F 0 1 1 0 677.6068
L003 94 F 120 0 0 0 681.3852
L003 95 L 60 0 0 0 555.1935
L003 96 G 0 1 1 0 974.4079
L003 97 L 180 0 0 0 933.6488
L003 98 R 120 0 0 0 482.4337
L003 99 G 0 0 0 0 498.4052
L003 100 G 150 1 1 0 684.9253
L003 101 R 90 0 0 0 517.9217
L003 102 G 0 0 0 0 410.8257
L003 103 L 180 0 0 0 724.7924
L003 104 R 30 0 0 0 1005.311
L003 105 G 90 1 1 0 666.5283
L003 106 G 60 0 0 0 587.7923
L003 107 L 90 1 0 1 485.4631
L003 108 R 60 0 0 0 499.3791
L003 109 G 120 0 0 0 486.7532
L003 110 G 180 0 1 1 846.1447
L003 111 R 150 0 0 0 798.8619
L003 112 R 120 1 9997 1 2000.0394
L003 113 R 90 0 9997 1 2000.0402
L003 114 F 30 1 9997 1 2000.0386
L003 115 R 120 1 1 0 1603.0579
L003 116 R 90 1 1 0 695.5652
L003 117 L 180 1 1 0 1593.8118
L003 118 G 90 1 1 0 756.1578
L003 119 F 60 1 1 0 594.4532
L003 120 F 150 0 0 0 546.6846
L003 121 F 0 0 0 0 549.7132
L003 122 G 60 0 0 0 551.5293
L003 123 R 0 1 1 0 577.9952
L003 124 F 0 0 0 0 608.581
L003 125 L 30 0 0 0 514.3989
L003 126 L 90 0 0 0 508.0662
L003 127 L 150 1 1 0 455.6722
L003 128 L 0 0 0 0 430.2105
L003 129 G 30 0 0 0 510.4084
L003 130 L 90 0 0 0 319.5794
L003 131 F 180 0 1 1 390.9882
L003 132 G 180 0 1 1 781.4552
L003 133 R 180 0 0 0 892.8596
L003 134 G 120 1 1 0 874.2505
L003 135 G 180 1 0 1 1801.9326
L003 136 L 120 0 0 0 585.3534
L003 137 L 120 1 1 0 913.1339
L003 138 F 90 1 1 0 1135.3851
L003 139 F 90 0 0 0 555.9193
L003 140 R 150 0 0 0 584.2044
L003 141 G 60 1 1 0 623.3921
L003 142 G 150 0 0 0 655.2067
L003 143 G 30 1 1 0 581.306
L003 144 G 30 0 0 0 439.8565
L003 145 F 180 0 0 0 950.4543
L003 146 G 180 1 1 0 1056.0351
L003 147 L 120 0 0 0 507.9936
L003 148 G 0 0 0 0 585.0274
L003 149 R 30 0 0 0 453.7501
L003 150 R 0 1 1 0 571.911
L003 151 R 0 0 0 0 493.2811
L003 152 F 90 0 0 0 506.8795
L003 153 R 60 1 1 0 541.1626
L003 154 G 120 1 1 0 1204.7744
L003 155 L 90 1 1 0 797.7785
L003 156 G 0 1 0 1 527.6539
L003 157 G 30 1 0 1 960.4816
L003 158 F 120 0 0 0 548.1037
L003 159 G 120 0 0 0 696.07
L003 160 L 150 1 1 0 731.4184
L003 161 G 0 1 1 0 734.7445
L003 162 L 30 0 0 0 454.6955
L003 163 F 180 0 0 0 1046.1503
L003 164 F 120 1 1 0 842.0397
L003 165 R 90 0 0 0 472.8151
L003 166 R 90 0 0 0 1127.8232
L003 167 L 90 0 0 0 550.3778
L003 168 R 0 1 1 0 557.2451
L003 169 R 60 0 0 0 559.1834
L003 170 G 60 0 0 0 518.4268
L003 171 G 90 1 1 0 563.982
L003 172 R 30 0 0 0 487.8939
L003 173 R 150 0 0 0 486.5806
L003 174 R 30 1 1 0 547.3972
L003 175 F 90 1 1 0 659.0131
L003 176 F 30 0 0 0 509.446
L003 177 F 90 1 1 0 689.0197
L003 178 F 150 0 0 0 532.663
L003 179 F 150 0 0 0 1090.6383
L003 180 G 180 0 1 1 503.9009
L003 181 F 180 1 1 0 801.1795
L003 182 G 0 0 0 0 533.6441
L003 183 L 60 1 1 0 789.0042
L003 184 G 60 1 1 0 718.9498
L003 185 L 30 1 1 0 870.7165
L003 186 L 120 1 1 0 637.0508
L003 187 L 0 0 0 0 605.2867
L003 188 L 0 1 1 0 730.1545
L003 189 F 150 1 1 0 593.486
L003 190 R 0 0 0 0 645.9656
L003 191 R 180 0 0 0 1234.3731
L003 192 F 30 1 1 0 734.8372
L003 193 L 0 0 0 0 458.7642
L003 194 R 60 0 0 0 556.371
L003 195 F 60 0 0 0 374.6792
L003 196 G 150 1 1 0 663.5645
L003 197 F 0 1 1 0 672.6643
L003 198 L 120 1 1 0 701.7411
L003 199 L 60 0 0 0 514.6065
L003 200 L 180 1 0 1 411.1724
L003 201 L 90 0 0 0 614.7114
L003 202 F 0 0 0 0 573.3265
L003 203 L 30 1 1 0 600.8571
L003 204 F 0 1 1 0 648.1799
L003 205 L 150 1 0 1 837.5229
L003 206 G 30 0 0 0 468.2212
L003 207 R 150 1 1 0 1158.4352
L003 208 F 120 1 1 0 836.56
L003 209 L 90 1 1 0 526.7563
L003 210 R 60 1 1 0 560.0757
L003 211 R 180 0 0 0 1456.2627
L003 212 G 60 0 0 0 491.9136
L003 213 G 90 0 0 0 660.8211
L003 214 G 120 1 1 0 612.6298
L003 215 R 120 0 0 0 773.7824
L003 216 G 90 0 0 0 485.6039
L003 217 G 150 0 0 0 572.03
L003 218 L 0 1 1 0 654.9718
L003 219 F 60 1 1 0 537.7354
L003 220 R 30 1 1 0 725.4729
L003 221 R 90 1 1 0 692.4126
L003 222 G 120 0 0 0 592.1278
L003 223 L 120 0 0 0 620.2369
L003 224 R 120 1 1 0 573.6749
L003 225 F 30 0 0 0 445.8988
L003 226 F 60 1 1 0 621.7813
L003 227 R 90 1 1 0 799.8542
L003 228 G 180 0 0 0 1474.7997
L003 229 F 60 0 0 0 470.0826
L003 230 L 60 0 0 0 468.4143
L003 231 G 90 1 1 0 583.1758
L003 232 L 180 0 1 1 612.4943
L003 233 R 180 1 1 0 1322.9047
L003 234 L 150 0 0 0 717.3549
L003 235 G 180 1 1 0 779.0476
L003 236 F 120 0 0 0 486.5001
L003 237 L 60 1 1 0 690.7864
L003 238 F 90 0 0 0 481.8434
L003 239 F 30 1 1 0 592.3859
L003 240 L 180 0 0 0 984.8042
L003 241 R 150 1 1 0 853.568
L003 242 F 180 1 1 0 811.989
L003 243 L 150 0 0 0 582.1933
L003 244 F 0 0 0 0 476.993
L003 245 R 180 1 1 0 825.1191
L003 246 L 30 0 0 0 480.8287
L003 247 R 150 0 0 0 583.5208
L003 248 G 150 1 1 0 637.7322
L003 249 R 120 1 1 0 590.4725
L003 250 L 180 1 1 0 719.0257
L003 251 F 150 1 1 0 721.7185
L003 252 R 120 0 0 0 523.7372
