F008 15 L 60 0 0 0 1192.3948
F008 16 F 30 0 0 0 592.2599
F008 17 F 180 1 1 0 1026.2385
F008 18 L 150 0 0 0 722.3678
F008 19 L 30 1 0 1 563.2889
F008 20 R 60 1 1 0 854.37
F008 21 G 60 1 1 0 830.469
F008 22 L 120 0 0 0 852.2832
F008 23 L 90 1 1 0 1007.0188
F008 24 R 120 0 0 0 804.7978
F008 25 G 150 1 1 0 1012.9419
F008 26 L 150 1 1 0 1712.1025
F008 27 G 150 0 1 1 983.6608
F008 28 L 60 1 1 0 973.9919
F008 29 R 30 1 1 0 1228.8361
F008 30 R 180 0 0 0 936.9783
F008 31 R 150 1 1 0 815.892
F008 32 F 30 0 0 0 1357.194
F008 33 F 150 0 1 1 743.335
F008 34 G 0 1 1 0 841.4472
F008 35 L 150 0 0 0 1365.3283
F008 36 L 120 0 0 0 614.2267
F008 37 L 30 0 0 0 548.0462
F008 38 G 30 1 1 0 1005.6211
F008 39 G 90 0 0 0 812.6787
F008 40 R 180 1 1 0 978.9887
F008 41 G 120 0 0 0 795.8964
F008 42 R 60 0 0 0 716.7833
F008 43 G 60 0 0 0 637.1947
F008 44 R 90 1 1 0 748.2792
F008 45 F 60 0 0 0 572.9142
F008 46 R 150 0 0 0 937.2725
F008 47 R 30 0 0 0 610.4726
F008 48 R 90 0 0 0 584.9157
F008 49 F 120 1 1 0 852.3706
F008 50 L 60 0 0 0 904.8362
F008 51 L 150 1 1 0 748.9267
F008 52 F 0 0 0 0 623.0951
F008 53 G 60 1 1 0 687.755
F008 54 G 60 0 0 0 618.3914
F008 55 L 90 0 0 0 532.7652
F008 56 F 60 1 1 0 609.4409
F008 57 G 30 1 0 1 629.2492
F008 58 F 180 0 0 0 1101.2453
F008 59 R 0 1 1 0 1140.7014
F008 60 F 30 1 1 0 852.386
F008 61 G 90 1 1 0 654.2348
F008 62 L 0 0 0 0 511.1876
F008 63 R 60 1 1 0 1000.8593
F008 64 G 150 1 1 0 686.6096
F008 65 R 60 0 0 0 601.3681
F008 66 L 90 0 0 0 805.0554
F008 67 L 180 1 1 0 900.0468
F008 68 F 60 0 0 0 634.0007
F008 69 R 0 0 0 0 501.7691
F008 70 L 180 1 1 0 756.8571
F008 71 F 0 0 0 0 563.6024
F008 72 G 180 1 1 0 1624.1374
F008 73 F 120 1 1 0 1141.4403
F008 74 R 30 1 1 0 761.7924
F008 75 R 0 1 1 0 682.1306
F008 76 G 180 0 1 1 773.7855
F008 77 G 30 0 0 0 923.9984
F008 78 G 120 1 1 0 1227.1412
F008 79 L 180 0 0 0 1153.5226
F008 80 L 180 0 0 0 751.4209
F008 81 F 0 1 1 0 1300.7737
F008 82 L 120 1 1 0 1756.509
F008 83 F 180 1 9997 1 2000.0243
F008 84 G 30 0 0 0 986.6089
F008 85 L 0 1 1 0 771.0027
F008 86 R 120 0 0 0 866.9834
F008 87 R 0 0 0 0 696.5394
F008 88 F 60 1 1 0 768.7203
F008 89 F 90 0 0 0 763.4878
F008 90 L 120 1 1 0 919.7381
F008 91 F 150 1 1 0 994.6854
F008 92 F 150 1 1 0 600.5909
F008 93 F 150 0 0 0 705.7232
F008 94 R 180 1 1 0 1163.8074
F008 95 F 30 1 1 0 1758.6964
F008 96 L 30 1 1 0 1654.531
F008 97 R 120 1 1 0 749.2718
F008 98 F 120 0 0 0 1076.3927
F008 99 G 120 1 1 0 1139.5968
F008 100 G 180 1 1 0 1403.2811
F008 101 R 150 1 1 0 987.2073
F008 102 R 180 0 0 0 1393.0136
F008 103 R 90 1 1 0 880.3521
F008 104 F 90 1 1 0 1138.64
F008 105 G 90 0 0 0 891.7653
F008 106 L 60 1 1 0 786.4463
F008 107 G 150 0 0 0 771.0245
F008 108 R 150 0 0 0 642.0347
F008 109 L 30 0 0 0 595.0642
F008 110 G 180 0 0 0 974.4928
F008 111 F 0 1 1 0 1178.6886
F008 112 R 90 0 0 0 669.051
F008 113 F 120 0 0 0 706.4367
F008 114 R 30 0 0 0 618.7714
F008 115 G 0 1 1 0 1373.0357
F008 116 G 90 1 1 0 1020.7331
F008 117 G 120 0 0 0 718.0899
F008 118 G 0 0 0 0 530.1375
F008 119 F 180 0 0 0 723.6802
F008 120 L 90 1 1 0 718.2287
F008 121 L 0 1 1 0 777.8047
F008 122 G 0 0 0 0 629.3121
F008 123 F 90 0 0 0 592.6748
F008 124 L 0 0 0 0 544.1977
F008 125 R 120 1 1 0 692.2997
F008 126 F 90 1 1 0 693.5854
F008 127 L 30 0 0 0 736.2128
F008 128 F 60 0 0 0 592.332
F008 129 G 0 0 0 0 490.806
F008 130 F 60 0 0 0 442.0601
F008 131 G 60 0 0 0 518.0812
F008 132 G 30 1 1 0 571.7632
F008 133 R 150 1 1 0 725.21
F008 134 G 90 1 1 0 971.9205
F008 135 F 60 1 1 0 801.0546
F008 136 R 60 0 0 0 595.0728
F008 137 R 90 0 0 0 624.4914
F008 138 R 150 0 0 0 616.644
F008 139 F 180 1 1 0 764.8944
F008 140 G 150 1 1 0 1002.3397
F008 141 R 30 1 1 0 771.0491
F008 142 L 0 1 1 0 890.9887
F008 143 G 150 1 1 0 1160.5243
F008 144 R 90 1 1 0 797.5977
F008 145 G 60 0 0 0 565.7241
F008 146 R 30 0 0 0 529.1899
F008 147 L 180 0 0 0 1049.5655
F008 148 L 150 0 0 0 673.6345
F008 149 F 90 0 0 0 713.3334
F008 150 G 30 0 0 0 638.3297
F008 151 R 180 1 1 0 990.7561
F008 152 F 90 1 1 0 695.9926
F008 153 G 90 0 0 0 648.5992
F008 154 F 0 0 0 0 480.8508
F008 155 L 0 0 0 0 579.0549
F008 156 F 0 1 1 0 617.0002
F008 157 L 150 0 0 0 561.1853
F008 158 L 60 0 0 0 529.4841
F008 159 F 180 1 1 0 909.4955
F008 160 R 120 0 0 0 586.5491
F008 161 F 150 0 0 0 665.5301
F008 162 L 90 1 1 0 662.4691
F008 163 G 90 0 0 0 622.7118
F008 164 G 60 1 1 0 865.807
F008 165 R 60 1 1 0 657.2176
F008 166 L 120 1 1 0 714.9487
F008 167 G 180 1 1 0 1092.3914
F008 168 F 90 1 1 0 757.0929
F008 169 L 150 1 1 0 756.3053
F008 170 L 60 1 1 0 776.2445
F008 171 G 150 0 0 0 714.1343
F008 172 G 0 1 1 0 742.6589
F008 173 R 180 0 0 0 896.405
F008 174 L 60 1 1 0 640.539
F008 175 L 90 1 1 0 803.5739
F008 176 R 0 1 1 0 668.9434
F008 177 F 0 0 0 0 517.9887
F008 178 L 0 0 0 0 584.36
F008 179 F 150 1 1 0 613.0424
F008 180 R 150 0 0 0 556.7878
F008 181 G 180 1 1 0 852.8631
F008 182 L 30 1 1 0 671.882
F008 183 F 120 1 1 0 1338.8878
F008 184 F 150 0 0 0 763.444
F008 185 G 60 1 1 0 727.2265
F008 186 F 120 0 0 0 597.7265
F008 187 R 0 1 1 0 939.5418
F008 188 L 150 1 1 0 743.8261
F008 189 F 60 1 1 0 965.8602
F008 190 F 30 0 0 0 572.3912
F008 191 L 180 1 1 0 858.0149
F008 192 R 0 0 0 0 580.3679
F008 193 G 120 0 0 0 613.7962
F008 194 L 120 0 0 0 646.7682
F008 195 F 30 1 1 0 630.733
F008 196 L 30 0 0 0 596.6295
F008 197 G 180 0 0 0 1341.5264
F008 198 G 30 0 0 0 620.9018
F008 199 G 150 0 0 0 783.9876
F008 200 G 120 1 1 0 705.7721
F008 201 L 120 1 1 0 717.7893
F008 202 F 30 0 0 0 591.5051
F008 203 R 60 1 1 0 719.7398
F008 204 L 0 1 1 0 788.9966
F008 205 F 120 1 1 0 686.7764
F008 206 R 30 0 0 0 613.2793
F008 207 L 60 0 0 0 676.3016
F008 208 R 120 1 1 0 795.4972
F008 209 F 90 0 0 0 600.8065
F008 210 G 0 0 0 0 1004.9274
F008 211 R 120 1 1 0 741.5909
F008 212 L 90 0 0 0 591.6285
F008 213 R 30 1 1 0 556.671
F008 214 R 180 1 1 0 858.1398
F008 215 L 120 0 0 0 557.6888
F008 216 G 30 1 1 0 795.2036
F008 217 G 120 0 0 0 661.2148
F008 218 L 180 1 1 0 1041.2812
F008 219 F 30 1 1 0 842.6484
F008 220 F 120 0 0 0 601.8106
F008 221 R 150 1 1 0 951.2189
F008 222 R 60 0 0 0 544.5024
F008 223 G 120 1 1 0 827.9407
F008 224 F 180 0 0 0 984.5184
F008 225 R 120 0 0 0 839.5182
F008 226 L 180 0 0 0 1394.3607
F008 227 F 0 1 1 0 1028.1108
F008 228 G 0 1 1 0 1195.4612
F008 229 R 180 0 0 0 924.2468
F008 230 R 90 0 0 0 544.8014
F008 231 F 150 1 1 0 1103.4559
F008 232 R 0 0 0 0 523.7437
F008 233 G 180 0 0 0 707.8344
F008 234 L 90 0 0 0 589.8708
F008 235 L 30 1 1 0 712.0014
F008 236 G 90 1 1 0 863.2793
F008 237 R 90 1 1 0 636.1881
F008 238 F 180 0 0 0 683.609
