B008 28 L 0 0 1 1 1416.5035
B008 29 F 60 1 9997 1 2000.0386
B008 30 R 180 1 9997 1 2000.0324
B008 31 R 120 0 0 0 1352.5074
B008 32 R 180 1 9997 1 2000.0374
B008 33 G 0 0 0 0 1320.8559
B008 34 L 30 0 0 0 589.243
B008 35 R 0 0 0 0 527.0215
B008 36 R 120 0 0 0 918.6665
B008 37 L 90 0 0 0 636.0255
B008 38 F 180 0 9997 1 2000.0402
B008 39 R 90 1 9997 1 2000.0349
B008 40 L 30 0 0 0 976.6152
B008 41 R 0 1 1 0 1034.1504
B008 42 R 150 1 1 0 1242.8191
B008 43 F 30 0 0 0 763.8292
B008 44 F 30 1 1 0 747.1271
B008 45 L 120 0 0 0 1146.5007
B008 46 R 30 0 0 0 699.8632
B008 47 L 90 0 0 0 617.9137
B008 48 L 60 0 0 0 518.4807
B008 49 L 180 0 0 0 1380.224
B008 50 G 60 1 1 0 1098.1424
B008 51 L 0 1 1 0 1437.091
B008 52 L 180 0 0 0 1365.0584
B008 53 L 0 1 1 0 1716.4684
B008 54 F 120 1 1 0 1588.9248
B008 55 F 90 0 0 0 840.8929
B008 56 F 120 1 1 0 1491.4661
B008 57 F 60 0 0 0 705.2416
B008 58 R 0 1 1 0 1322.1647
B008 59 G 180 0 0 0 1347.1438
B008 60 L 30 1 1 0 957.8988
B008 61 F 90 1 0 1 1065.567
B008 62 G 30 0 0 0 786.7067
B008 63 R 30 1 1 0 710.6979
B008 64 F 150 0 0 0 840.518
B008 65 R 150 0 0 0 1196.5163
B008 66 G 150 1 1 0 1164.0748
B008 67 L 120 0 0 0 992.5365
B008 68 L 60 1 1 0 693.7535
B008 69 R 60 1 1 0 1608.6218
B008 70 R 30 0 0 0 767.6856
B008 71 G 120 0 0 0 678.8209
B008 72 G 90 0 0 0 488.7233
B008 73 L 180 1 1 0 1083.6534
B008 74 F 180 1 1 0 1223.8645
B008 75 G 30 1 1 0 1813.06
B008 76 L 180 1 1 0 1171.0759
B008 77 R 60 1 9997 1 2000.0397
B008 78 G 150 1 1 0 740.7894
B008 79 R 150 0 0 0 745.5129
B008 80 R 90 1 1 0 792.7496
B008 81 F 0 1 1 0 977.27
B008 82 G 30 1 1 0 974.8236
B008 83 R 120 1 1 0 864.6702
B008 84 L 60 0 0 0 618.9742
B008 85 F 90 0 0 0 503.4495
B008 86 R 90 0 0 0 477.276
B008 87 L 60 1 1 0 1311.6547
B008 88 L 30 1 1 0 825.6122
B008 89 G 180 1 1 0 1264.8021
B008 90 G 150 0 0 0 1020.409
B008 91 L 90 1 1 0 1291.7695
B008 92 F 30 1 1 0 1026.9065
B008 93 G 0 0 0 0 802.1958
B008 94 F 90 1 1 0 844.6065
B008 95 R 60 0 0 0 706.5683
B008 96 G 90 1 1 0 1154.6247
B008 97 G 90 1 1 0 525.7165
B008 98 R 150 1 1 0 811.1386
B008 99 G 180 0 0 0 1144.4114
B008 100 L 120 1 1 0 804.5428
B008 101 R 180 0 0 0 1540.1022
B008 102 G 150 0 0 0 902.5622
B008 103 F 120 0 0 0 930.8191
B008 104 G 90 0 0 0 564.9486
B008 105 F 60 0 0 0 880.8773
B008 106 G 60 1 1 0 898.4427
B008 107 F 150 1 1 0 1317.8558
B008 108 G 180 1 1 0 778.4218
B008 109 R 30 1 1 0 1037.7012
B008 110 R 90 0 0 0 985.0864
B008 111 G 60 0 0 0 849.7641
B008 112 L 150 1 1 0 1001.0571
B008 113 L 150 0 0 0 1067.0979
B008 114 F 150 0 0 0 964.9838
B008 115 F 180 1 1 0 828.695
B008 116 G 120 1 1 0 1307.5179
B008 117 L 150 0 0 0 1637.0187
B008 118 F 180 0 0 0 588.5667
B008 119 G 0 1 1 0 742.7212
B008 120 F 0 0 0 0 873.1769
B008 121 G 60 0 0 0 622.0855
B008 122 G 120 1 1 0 877.0439
B008 123 R 120 1 1 0 781.7128
B008 124 G 120 0 0 0 935.7108
B008 125 F 120 0 0 0 725.6554
B008 126 F 0 1 1 0 624.3081
B008 127 L 0 0 0 0 503.7596
B008 128 L 120 1 1 0 648.7288
B008 129 G 0 1 1 0 1276.8584
B008 130 R 60 0 0 0 780.2316
B008 131 F 0 0 0 0 416.9189
B008 132 G 30 0 0 0 670.4305
B008 133 F 60 1 1 0 622.3059
B008 134 F 30 0 0 0 649.3001
B008 135 F 150 1 1 0 529.4835
B008 136 L 150 1 1 0 896.5612
B008 137 R 180 0 0 0 1363.6641
B008 138 L 90 1 1 0 794.2303
B008 139 R 0 0 0 0 663.731
B008 140 L 120 1 1 0 1390.2367
B008 141 L 150 0 0 0 1241.3977
B008 142 F 180 0 0 0 1689.037
B008 143 L 60 1 1 0 891.9611
B008 144 R 30 0 0 0 814.2024
B008 145 R 120 0 0 0 531.9313
B008 146 F 120 0 0 0 492.3908
B008 147 R 150 1 1 0 780.5869
B008 148 F 0 0 0 0 472.0287
B008 149 R 30 1 1 0 1660.0953
B008 150 L 60 1 1 0 1059.5796
B008 151 L 120 0 0 0 897.7599
B008 152 R 180 1 1 0 1596.1657
B008 153 G 150 1 1 0 1077.2456
B008 154 G 150 1 1 0 1391.6456
B008 155 G 120 0 0 0 788.0091
B008 156 G 30 0 0 0 532.1087
B008 157 R 90 1 1 0 1132.3093
B008 158 G 60 1 1 0 1697.0148
B008 159 R 0 0 0 0 543.1595
B008 160 R 90 0 0 0 517.8153
B008 161 R 150 0 0 0 676.8776
B008 162 L 30 1 1 0 926.6099
B008 163 F 0 1 1 0 756.2358
B008 164 F 0 1 1 0 497.2238
B008 165 R 0 1 1 0 685.0105
B008 166 L 0 0 0 0 591.7864
B008 167 G 0 1 1 0 557.2965
B008 168 R 60 0 0 0 740.5036
B008 169 G 30 1 1 0 514.9342
B008 170 R 120 0 0 0 819.7913
B008 171 F 180 1 1 0 1406.1513
B008 172 R 30 1 1 0 956.5221
B008 173 R 90 1 1 0 1226.8615
B008 174 R 0 1 1 0 602.6716
B008 175 R 30 0 0 0 658.658
B008 176 F 90 1 1 0 1015.4961
B008 177 F 30 1 1 0 914.3436
B008 178 F 90 1 1 0 1123.6291
B008 179 L 150 0 0 0 908.2909
B008 180 F 120 1 1 0 823.177
B008 181 R 180 0 1 1 1259.1187
B008 182 G 0 1 1 0 1589.5006
B008 183 L 180 1 1 0 1042.2984
B008 184 F 90 0 0 0 756.4143
B008 185 G 60 0 0 0 545.89
B008 186 R 180 1 1 0 797.1251
B008 187 G 90 0 0 0 806.7171
B008 188 L 180 1 1 0 870.8515
B008 189 G 60 1 1 0 934.3123
B008 190 R 150 1 1 0 629.5501
B008 191 L 30 0 0 0 648.6168
B008 192 G 180 0 0 0 1060.6924
B008 193 G 0 0 0 0 442.9085
B008 194 F 120 0 0 0 603.8605
B008 195 L 120 1 1 0 757.08
B008 196 F 180 1 1 0 838.9608
B008 197 L 150 1 1 0 639.964
B008 198 F 30 0 1 1 551.6791
B008 199 R 150 0 0 0 826.0257
B008 200 F 60 1 1 0 608.4094
B008 201 G 180 1 1 0 949.3573
B008 202 R 60 1 1 0 755.4248
B008 203 G 90 1 1 0 477.2989
B008 204 L 60 0 0 0 539.8851
B008 205 G 60 0 0 0 517.4633
B008 206 R 180 0 1 1 511.6052
B008 207 F 60 0 0 0 611.2512
B008 208 G 120 0 0 0 493.6083
B008 209 L 90 1 1 0 652.5818
B008 210 G 90 0 0 0 763.8638
B008 211 L 90 1 1 0 508.9516
B008 212 G 30 1 1 0 722.7991
B008 213 F 30 0 0 0 552.0531
B008 214 F 60 0 0 0 430.4483
B008 215 G 0 0 0 0 401.1295
B008 216 L 0 0 0 0 506.0964
B008 217 G 180 1 1 0 835.0776
B008 218 F 60 1 1 0 689.6131
B008 219 L 90 0 0 0 476.1901
B008 220 F 30 1 1 0 486.7239
B008 221 G 180 0 1 1 534.9498
B008 222 F 0 0 0 0 587.4406
B008 223 G 150 0 0 0 818.4915
B008 224 F 150 1 1 0 615.2469
B008 225 L 30 0 0 0 501.4866
B008 226 F 150 0 0 0 1263.6774
B008 227 G 120 1 1 0 801.8555
B008 228 R 90 0 0 0 500.5178
B008 229 L 30 1 1 0 715.4169
B008 230 L 180 0 0 0 699.9119
B008 231 L 60 0 0 0 688.5305
B008 232 L 0 1 1 0 544.1429
B008 233 L 120 0 0 0 921.5026
B008 234 G 90 1 1 0 854.5589
B008 235 L 90 0 0 0 513.7502
B008 236 G 30 0 0 0 406.6126
B008 237 R 0 0 0 0 531.1276
B008 238 R 60 1 1 0 600.4344
B008 239 R 120 1 1 0 617.186
B008 240 L 0 1 1 0 743.6685
B008 241 L 150 1 1 0 479.7294
B008 242 L 180 0 0 0 920.6525
B008 243 F 150 1 1 0 663.1519
B008 244 F 90 0 0 0 534.9912
B008 245 F 180 0 0 0 687.8243
B008 246 G 150 0 0 0 581.3208
B008 247 F 120 1 1 0 511.294
B008 248 R 60 0 0 0 553.5195
B008 249 F 150 0 0 0 431.8549
B008 250 G 120 1 1 0 512.2838
B008 251 R 120 1 1 0 650.4039
