K012 16 L 180 1 0 1 1338.1737
K012 17 F 60 1 1 0 862.7337
K012 18 G 180 1 1 0 1673.8563
K012 19 R 180 1 1 0 1356.5727
K012 20 F 180 0 0 0 1411.9546
K012 21 L 180 1 1 0 1733.8729
K012 22 F 180 1 1 0 971.5704
K012 23 F 90 0 0 0 1085.2751
K012 24 G 90 1 9997 1 2000.043
K012 25 L 150 0 0 0 916.4126
K012 26 L 30 0 0 0 817.8333
K012 27 G 90 0 0 0 884.4504
K012 28 R 90 1 1 0 893.2166
K012 29 L 90 1 1 0 838.7935
K012 30 R 180 0 0 0 1242.6194
K012 31 G 150 0 0 0 1029.3954
K012 32 F 180 1 1 0 841.6346
K012 33 L 0 0 0 0 875.6334
K012 34 F 150 0 0 0 1053.8719
K012 35 L 90 0 0 0 769.9691
K012 36 R 90 0 0 0 831.7993
K012 37 G 30 0 0 0 655.685
K012 38 F 150 0 0 0 676.4888
K012 39 L 150 0 0 0 616.3146
K012 40 R 30 1 1 0 697.0755
K012 41 R 90 0 0 0 1057.3911
K012 42 F 0 1 1 0 1348.2959
K012 43 G 90 0 0 0 692.6294
K012 44 L 120 1 1 0 1283.1966
K012 45 G 60 0 0 0 910.0129
K012 46 R 60 0 0 0 701.5313
K012 47 R 150 1 1 0 747.8501
K012 48 F 30 1 1 0 806.8503
K012 49 L 120 0 0 0 791.1237
K012 50 G 0 1 1 0 1623.6893
K012 51 R 90 1 1 0 1434.7159
K012 52 F 30 0 0 0 772.8885
K012 53 L 30 0 0 0 700.7164
K012 54 F 60 1 1 0 758.0494
K012 55 F 150 1 1 0 822.8074
K012 56 G 30 0 0 0 772.1034
K012 57 F 150 1 1 0 1286.9781
K012 58 R 120 0 0 0 996.6532
K012 59 L 120 0 0 0 709.4055
K012 60 G 0 1 1 0 789.6596
K012 61 G 60 1 1 0 834.7692
K012 62 G 150 0 0 0 1099.6599
K012 63 F 90 1 1 0 1573.6282
K012 64 L 90 1 1 0 1005.5175
K012 65 G 150 1 1 0 820.9155
K012 66 R 60 1 1 0 845.0524
K012 67 R 120 1 1 0 649.9396
K012 68 F 120 0 0 0 647.6172
K012 69 F 60 0 0 0 729.9593
K012 70 F 0 0 0 0 622.34
K012 71 L 120 1 1 0 901.8286
K012 72 R 150 0 0 0 833.7143
K012 73 L 30 1 1 0 1081.3106
K012 74 L 90 0 0 0 779.1482
K012 75 L 30 1 1 0 1016.813
K012 76 L 150 1 1 0 1270.9786
K012 77 L 60 0 0 0 723.9792
K012 78 L 180 0 0 0 1822.4573
K012 79 F 30 0 0 0 708.3037
K012 80 F 90 1 1 0 684.8599
K012 81 R 0 1 1 0 1853.2288
K012 82 G 60 1 1 0 723.4067
K012 83 F 60 0 0 0 640.1015
K012 84 R 0 0 0 0 812.6661
K012 85 G 120 1 1 0 810.3946
K012 86 G 30 1 1 0 730.1529
K012 87 L 180 0 0 0 1891.0096
K012 88 L 150 1 1 0 1340.3639
K012 89 G 120 0 0 0 905.1089
K012 90 R 120 0 0 0 626.9808
K012 91 F 180 0 0 0 583.7999
K012 92 F 120 0 0 0 460.2465
K012 93 F 120 1 1 0 686.7524
K012 94 L 60 1 1 0 1739.4755
K012 95 L 0 1 1 0 772.6155
K012 96 G 0 0 0 0 606.4262
K012 97 R 60 1 1 0 1440.297
K012 98 L 60 0 0 0 1092.2793
K012 99 G 180 1 1 0 1442.87
K012 100 L 60 1 1 0 961.8211
K012 101 G 180 0 0 0 1378.4601
K012 102 G 120 1 1 0 1075.2112
K012 103 R 30 0 0 0 960.022
K012 104 G 30 1 1 0 788.6885
K012 105 L 0 1 1 0 784.519
K012 106 F 30 1 1 0 790.8122
K012 107 F 0 0 0 0 712.2673
K012 108 R 30 0 0 0 516.462
K012 109 G 0 0 0 0 924.1867
K012 110 R 120 1 1 0 939.0364
K012 111 G 90 1 1 0 792.0227
K012 112 G 180 0 0 0 1373.0684
K012 113 G 150 1 1 0 1715.4342
K012 114 R 180 0 0 0 1102.0356
K012 115 R 180 1 0 1 1025.1146
K012 116 G 120 0 0 0 804.0167
K012 117 R 0 1 1 0 925.1986
K012 118 F 120 1 9997 1 2000.024
K012 119 R 150 0 0 0 844.1439
K012 120 R 30 1 1 0 1144.4432
K012 121 L 0 0 0 0 725.8037
K012 122 F 90 0 0 0 809.6311
K012 123 F 0 1 1 0 833.062
K012 124 R 60 0 0 0 1189.5747
K012 125 R 0 0 0 0 1307.721
K012 126 G 60 0 0 0 564.4533
K012 127 R 150 1 1 0 745.2849
K012 128 L 60 0 0 0 676.8355
K012 129 L 150 0 0 0 694.8978
K012 130 G 90 0 0 0 716.4751
K012 131 F 30 1 1 0 696.2653
K012 132 R 180 1 0 1 1233.4917
K012 133 R 180 1 1 0 1620.6976
K012 134 L 90 0 0 0 1537.6689
K012 135 G 30 0 0 0 823.3639
K012 136 G 60 1 1 0 1205.9061
K012 137 F 150 0 0 0 963.0883
K012 138 L 180 0 0 0 1110.7867
K012 139 L 180 1 1 0 1788.4435
K012 140 F 90 1 1 0 1204.2254
K012 141 G 120 0 0 0 835.452
K012 142 F 90 0 0 0 914.5922
K012 143 L 30 0 0 0 608.4466
K012 144 G 180 0 0 0 1492.2092
K012 145 G 0 0 0 0 773.0239
K012 146 R 30 1 1 0 785.4445
K012 147 R 150 0 9997 1 2000.0386
K012 148 L 120 1 1 0 1127.6506
K012 149 R 90 0 0 0 1010.8589
K012 150 R 0 0 0 0 723.8719
K012 151 R 120 0 0 0 708.5498
K012 152 F 120 1 1 0 815.9054
K012 153 G 180 0 0 0 1195.9213
K012 154 F 60 0 0 0 736.4084
K012 155 G 150 1 1 0 1071.4211
K012 156 R 60 1 1 0 843.8357
K012 157 F 0 0 0 0 637.2894
K012 158 L 180 1 1 0 1304.6384
K012 159 R 90 0 0 0 756.1506
K012 160 L 30 0 0 0 611.4132
K012 161 R 180 0 0 0 1565.2791
K012 162 L 60 1 1 0 906.5809
K012 163 R 120 1 1 0 774.9152
K012 164 F 0 0 0 0 711.5703
K012 165 R 0 1 1 0 1026.7746
K012 166 G 150 0 0 0 947.792
K012 167 G 30 1 1 0 1247.4602
K012 168 L 0 1 1 0 829.4116
K012 169 F 90 0 0 0 652.655
K012 170 L 150 1 1 0 868.3774
K012 171 G 90 0 0 0 786.3804
K012 172 F 60 1 1 0 1027.6113
K012 173 L 0 1 1 0 820.0746
K012 174 F 120 0 0 0 764.006
K012 175 G 0 1 1 0 684.0353
K012 176 F 30 0 0 0 635.5609
K012 177 F 180 1 9997 1 2000.0377
K012 178 R 60 1 1 0 872.2257
K012 179 F 150 1 1 0 702.553
K012 180 R 30 1 1 0 535.4971
K012 181 G 120 1 1 0 550.1861
K012 182 R 120 1 1 0 566.7201
K012 183 G 180 1 1 0 650.9562
K012 184 R 90 1 1 0 662.2515
K012 185 G 60 0 0 0 653.8549
K012 186 R 60 0 0 0 1278.4195
K012 187 G 30 0 0 0 797.7913
K012 188 G 150 1 1 0 765.1143
K012 189 L 150 1 1 0 689.0853
K012 190 R 0 1 1 0 612.9164
K012 191 G 90 1 1 0 648.2056
K012 192 F 60 1 1 0 539.3484
K012 193 F 30 1 1 0 491.4315
K012 194 G 120 0 0 0 684.5716
K012 195 L 90 0 0 0 1025.3085
K012 196 L 120 0 0 0 489.2731
K012 197 R 150 1 1 0 638.0344
K012 198 G 0 1 1 0 923.2704
K012 199 F 0 1 1 0 636.1521
K012 200 F 30 0 0 0 676.7776
K012 201 G 30 1 1 0 668.7065
K012 202 L 120 1 1 0 797.2854
K012 203 G 0 0 0 0 629.9155
K012 204 G 180 1 1 0 1319.44
K012 205 G 90 1 1 0 937.9376
K012 206 L 0 0 0 0 615.1519
K012 207 L 60 1 1 0 712.174
K012 208 F 120 1 1 0 1370.9382
K012 209 R 120 0 0 0 707.26
K012 210 L 30 1 1 0 923.9364
K012 211 R 60 0 0 0 778.155
K012 212 R 0 0 0 0 465.6494
K012 213 R 180 0 0 0 986.265
K012 214 L 90 1 1 0 863.9673
K012 215 L 90 1 1 0 475.2068
K012 216 R 150 0 0 0 757.3588
K012 217 L 150 0 0 0 1129.5366
K012 218 R 90 1 1 0 721.6227
K012 219 F 180 1 1 0 1351.493
K012 220 G 120 1 1 0 745.5204
K012 221 R 150 1 1 0 1002.3198
K012 222 F 180 0 0 0 1292.6042
K012 223 L 120 0 0 0 877.1201
K012 224 F 90 1 1 0 648.4039
K012 225 L 60 0 0 0 797.7335
K012 226 F 60 0 0 0 1021.895
K012 227 L 30 1 1 0 835.6973
K012 228 G 150 0 0 0 998.5127
K012 229 L 180 0 0 0 1553.7707
K012 230 G 60 0 0 0 802.0125
K012 231 F 120 0 0 0 918.4192
K012 232 F 0 1 1 0 602.1483
K012 233 R 30 0 0 0 696.5989
K012 234 F 150 0 0 0 635.4397
K012 235 L 0 0 0 0 583.5812
K012 236 G 60 1 1 0 625.1674
K012 237 R 30 0 0 0 624.2746
K012 238 F 180 0 0 0 703.8844
K012 239 F 150 1 1 0 714.293
