H006 53 R 90 0 0 0 646.7881
H006 54 R 180 0 1 1 556.4115
H006 55 F 120 1 1 0 764.6796
H006 56 R 150 1 1 0 829.7971
H006 57 R 180 1 1 0 587.2316
H006 58 L 180 1 0 1 741.9795
H006 59 F 0 0 0 0 819.6028
H006 60 F 150 1 0 1 366.0194
H006 61 L 0 1 0 1 593.8509
H006 62 G 90 1 0 1 742.5413
H006 63 G 90 0 1 1 441.6654
H006 64 F 0 1 1 0 755.0616
H006 65 R 90 1 1 0 597.343
H006 66 L 30 0 1 1 507.8324
H006 67 G 180 0 1 1 678.2801
H006 68 L 180 1 1 0 668.7124
H006 69 R 30 0 0 0 708.7661
H006 70 G 120 0 1 1 994.4253
H006 71 R 30 1 1 0 739.558
H006 72 F 60 0 0 0 868.9859
H006 73 L 180 0 1 1 780.5987
H006 74 F 60 1 1 0 1190.3189
H006 75 R 120 1 1 0 974.0182
H006 76 F 30 1 0 1 1180.642
H006 77 F 60 1 1 0 420.8501
H006 78 G 90 1 1 0 1323.7526
H006 79 F 60 0 0 0 717.7518
H006 80 G 0 0 0 0 809.5965
H006 81 G 90 0 0 0 430.239
H006 82 F 90 1 0 1 367.1997
H006 83 F 180 1 1 0 450.6659
H006 84 G 30 0 0 0 654.4416
H006 85 F 150 1 1 0 605.7773
H006 86 R 0 1 1 0 705.5148
H006 87 F 30 0 0 0 395.381
H006 88 L 120 0 0 0 585.1604
H006 89 G 30 1 1 0 533.3544
H006 90 L 60 1 1 0 729.4162
H006 91 L 120 1 1 0 1144.1518
H006 92 G 60 1 1 0 735.0348
H006 93 G 120 0 1 1 393.2564
H006 94 F 0 1 1 0 682.6398
H006 95 R 60 0 1 1 468.3481
H006 96 L 120 1 1 0 631.188
H006 97 F 180 1 1 0 523.982
H006 98 G 0 1 1 0 597.1985
H006 99 R 30 0 0 0 532.1746
H006 100 R 180 1 1 0 605.8488
H006 101 F 180 0 1 1 430.467
H006 102 R 0 0 1 1 148.1711
H006 103 R 30 1 1 0 758.2112
H006 104 L 30 1 1 0 871.0515
H006 105 F 120 0 0 0 709.5958
H006 106 G 180 1 1 0 553.0549
H006 107 R 0 1 9997 1 2000.0388
H006 108 L 90 0 1 1 711.7257
H006 109 R 60 1 1 0 927.7601
H006 110 F 30 1 1 0 1653.7725
H006 111 L 30 1 1 0 800.2794
H006 112 R 120 1 1 0 8.0935
H006 113 G 60 0 0 0 340.0058
H006 114 G 150 1 1 0 584.7816
H006 115 R 150 0 1 1 677.4358
H006 116 L 150 1 1 0 907.5419
H006 117 R 90 0 1 1 618.9169
H006 118 L 120 0 1 1 895.0372
H006 119 L 150 0 0 0 496.4832
H006 120 F 0 0 0 0 537.3317
H006 121 L 90 1 1 0 640.742
H006 122 R 180 0 1 1 610.6606
H006 123 G 150 1 0 1 702.4558
H006 124 L 150 0 0 0 1081.8034
H006 125 F 150 0 0 0 717.2898
H006 126 L 60 0 0 0 526.9745
H006 127 G 60 0 0 0 709.6617
H006 128 G 150 0 0 0 558.559
H006 129 G 150 0 0 0 351.3405
H006 130 G 120 1 0 1 389.4925
H006 131 F 90 0 0 0 645.3454
H006 132 R 60 0 0 0 587.7512
H006 133 F 150 0 0 0 529.4293
H006 134 G 60 1 1 0 598.2649
H006 135 L 90 0 1 1 417.2365
H006 136 F 30 0 0 0 389.2271
H006 137 F 120 1 1 0 599.8561
H006 138 L 60 0 0 0 373.9833
H006 139 F 120 0 0 0 488.8593
H006 140 R 150 0 1 1 712.2975
H006 141 G 180 0 1 1 749.1167
H006 142 L 0 1 1 0 860.3317
H006 143 L 180 0 1 1 547.7196
H006 144 R 120 0 0 0 1182.964
H006 145 G 120 1 1 0 978.8811
H006 146 F 90 0 0 0 644.8694
H006 147 L 0 0 0 0 552.145
H006 148 R 0 0 0 0 551.524
H006 149 R 150 1 1 0 717.9616
H006 150 L 60 1 1 0 760.3573
H006 151 R 60 1 0 1 614.7617
H006 152 L 90 1 1 0 997.45
H006 153 F 180 0 1 1 637.345
H006 154 L 0 0 0 0 729.0178
H006 155 R 90 1 1 0 853.5236
H006 156 R 120 0 0 0 634.5153
H006 157 G 180 1 1 0 653.4805
H006 158 G 0 1 1 0 500.2605
H006 159 L 150 1 1 0 1007.7284
H006 160 F 90 1 1 0 962.2039
H006 161 L 30 0 1 1 747.1547
H006 162 G 0 0 0 0 663.7821
H006 163 G 30 1 1 0 606.3785
H006 164 G 30 0 0 0 339.3448
H006 165 R 180 1 1 0 580.8923
H006 166 F 0 0 1 1 81.5852
H006 167 G 0 0 0 0 311.4519
H006 168 F 30 1 1 0 543.8253
H006 169 F 150 0 0 0 601.7692
H006 170 F 180 0 0 0 1192.3147
H006 171 L 120 0 0 0 936.7193
H006 172 R 120 0 0 0 400.024
H006 173 G 30 1 1 0 670.065
H006 174 R 150 1 0 1 1156.6858
H006 175 R 180 0 1 1 668.1095
H006 176 F 0 0 0 0 516.3237
H006 177 R 30 0 0 0 419.1396
H006 178 G 90 0 0 0 631.9588
H006 179 G 60 0 0 0 405.5596
H006 180 R 60 0 0 0 435.5998
H006 181 L 60 1 1 0 835.1098
H006 182 F 60 1 0 1 623.0513
H006 183 R 0 0 0 0 540.0566
H006 184 L 60 0 0 0 525.5104
H006 185 R 120 1 1 0 714.868
H006 186 R 60 1 1 0 575.0885
H006 187 F 120 1 1 0 727.6386
H006 188 R 150 1 1 0 486.2632
H006 189 G 0 1 1 0 657.9437
H006 190 F 30 0 0 0 510.5384
H006 191 L 90 0 0 0 650.0133
H006 192 R 60 0 0 0 580.5802
H006 193 R 90 1 1 0 779.6044
H006 194 L 120 1 1 0 724.7223
H006 195 L 90 0 0 0 508.6364
H006 196 L 30 0 0 0 456.7139
H006 197 L 30 1 1 0 612.7136
H006 198 F 90 0 0 0 464.7197
H006 199 F 90 1 1 0 593.4534
H006 200 F 0 1 1 0 469.6424
H006 201 R 30 1 1 0 619.5871
H006 202 G 0 0 0 0 384.7782
H006 203 L 120 1 1 0 568.4468
H006 204 L 150 1 1 0 555.0024
H006 205 G 180 1 1 0 595.1396
H006 206 L 30 0 0 0 487.0208
H006 207 G 30 0 0 0 542.3466
H006 208 G 90 1 1 0 597.3284
H006 209 F 60 0 0 0 473.494
H006 210 R 30 1 1 0 588.539
H006 211 F 120 1 1 0 631.214
H006 212 R 0 0 0 0 393.4115
H006 213 R 150 0 1 1 757.546
H006 214 L 90 1 1 0 765.2319
H006 215 L 60 0 0 0 496.8173
H006 216 G 150 0 1 1 621.6704
H006 217 F 150 1 1 0 579.558
H006 218 L 150 1 1 0 630.7073
H006 219 F 180 0 1 1 503.1014
H006 220 G 150 1 1 0 628.0195
H006 221 L 150 0 0 0 623.0163
H006 222 G 60 0 0 0 669.6466
H006 223 R 90 1 1 0 569.226
H006 224 R 90 0 0 0 648.2173
H006 225 F 0 1 1 0 741.8465
H006 226 F 90 0 0 0 518.7673
H006 227 G 180 0 0 0 1313.1781
H006 228 G 120 1 1 0 739.7094
H006 229 F 180 1 1 0 600.2129
H006 230 G 120 0 0 0 579.2736
H006 231 G 150 1 1 0 565.7071
H006 232 G 90 1 1 0 739.7253
H006 233 F 120 0 0 0 547.2765
H006 234 G 60 1 1 0 583.722
H006 235 F 180 1 1 0 426.8135
H006 236 G 30 0 0 0 414.5787
H006 237 R 0 1 0 1 556.8191
H006 238 R 180 1 1 0 1387.1174
H006 239 F 150 0 0 0 647.3443
H006 240 L 0 0 0 0 623.0742
H006 241 L 150 0 0 0 613.4
H006 242 R 120 0 1 1 747.0204
H006 243 L 0 0 0 0 471.161
H006 244 F 30 0 0 0 485.1055
H006 245 G 120 1 1 0 662.3543
H006 246 R 120 1 1 0 699.0562
H006 247 F 120 0 0 0 463.8453
H006 248 G 180 1 1 0 529.7668
H006 249 R 60 1 0 1 532.9784
H006 250 L 60 1 1 0 539.5334
H006 251 L 90 1 1 0 397.6011
H006 252 G 0 1 1 0 396.6423
H006 253 L 120 0 1 1 384.5427
H006 254 G 150 0 1 1 524.4499
H006 255 G 90 0 0 0 409.5149
H006 256 G 60 1 1 0 659.2427
H006 257 F 30 1 1 0 645.8097
H006 258 R 90 0 0 0 555.8086
H006 259 F 60 1 1 0 959.2077
H006 260 R 30 0 0 0 473.0903
H006 261 F 90 1 1 0 634.18
H006 262 L 30 1 1 0 597.8905
H006 263 G 30 1 1 0 630.3927
H006 264 L 0 1 1 0 560.3246
H006 265 L 180 0 1 1 396.504
H006 266 R 150 0 0 0 806.5749
H006 267 L 180 1 1 0 573.7137
H006 268 F 60 0 0 0 558.3053
H006 269 L 180 0 1 1 838.0224
H006 270 G 180 0 1 1 751.2086
H006 271 L 180 1 1 0 1289.2739
H006 272 F 150 1 1 0 1060.6267
H006 273 G 120 0 0 0 658.2571
H006 274 R 0 1 1 0 795.198
H006 275 L 0 1 1 0 512.1078
H006 276 R 180 0 1 1 548.0129
