C002 17 R 90 0 1 1 1215.485
C002 18 L 120 1 1 0 855.9467
C002 19 L 90 0 0 0 727.4663
C002 20 R 60 0 0 0 570.4197
C002 21 L 0 1 1 0 688.5342
C002 22 L 120 0 0 0 815.8303
C002 23 F 60 1 1 0 988.3074
C002 24 F 60 0 0 0 715.5451
C002 25 G 180 1 1 0 765.1882
C002 26 R 150 0 0 0 614.6214
C002 27 F 30 1 1 0 645.5657
C002 28 L 180 1 1 0 1169.1949
C002 29 L 30 1 1 0 744.1951
C002 30 L 90 0 1 1 554.9762
C002 31 L 180 1 1 0 817.7431
C002 32 G 60 1 1 0 750.5098
C002 33 G 30 0 0 0 696.2386
C002 34 F 150 1 1 0 767.6852
C002 35 F 0 1 1 0 699.2379
C002 36 R 0 1 0 1 679.0012
C002 37 F 0 0 1 1 799.5779
C002 38 R 180 1 1 0 1485.3509
C002 39 F 180 0 0 0 1549.3529
C002 40 R 30 0 0 0 569.6921
C002 41 L 150 1 1 0 690.6586
C002 42 G 60 0 0 0 645.4416
C002 43 L 30 1 1 0 647.5184
C002 44 L 60 1 1 0 631.9036
C002 45 G 120 1 1 0 827.2496
C002 46 R 180 0 0 0 707.2628
C002 47 F 120 1 1 0 638.855
C002 48 R 0 0 0 0 636.4422
C002 49 G 180 1 1 0 559.0211
C002 50 R 120 1 1 0 774.0745
C002 51 L 60 1 1 0 835.8235
C002 52 G 120 0 0 0 740.6241
C002 53 L 120 1 1 0 620.8149
C002 54 G 150 0 0 0 690.0307
C002 55 F 90 1 1 0 817.8499
C002 56 R 120 1 1 0 673.7061
C002 57 F 90 1 1 0 501.6293
C002 58 L 60 0 0 0 606.4045
C002 59 F 150 1 1 0 627.299
C002 60 G 90 1 1 0 690.6148
C002 61 L 180 0 1 1 649.7959
C002 62 L 150 0 0 0 798.9658
C002 63 L 0 0 0 0 668.5996
C002 64 F 90 0 0 0 687.3976
C002 65 G 30 0 0 0 619.8241
C002 66 R 90 1 1 0 572.2689
C002 67 L 30 0 0 0 639.6614
C002 68 L 30 0 0 0 517.2557
C002 69 F 0 1 1 0 619.1269
C002 70 R 30 0 0 0 550.6825
C002 71 R 180 1 1 0 1041.0273
C002 72 L 120 0 0 0 754.0606
C002 73 G 0 1 1 0 1100.7158
C002 74 G 150 1 1 0 622.3013
C002 75 F 30 1 1 0 642.0703
C002 76 F 60 0 0 0 587.0903
C002 77 R 60 1 1 0 554.1023
C002 78 G 30 1 1 0 647.6556
C002 79 R 120 0 0 0 647.2759
C002 80 L 150 0 0 0 693.4221
C002 81 R 180 0 0 0 808.3443
C002 82 F 180 1 1 0 959.2735
C002 83 L 90 1 1 0 981.8474
C002 84 F 150 0 0 0 727.1785
C002 85 G 30 1 1 0 701.2526
C002 86 F 60 1 1 0 638.9055
C002 87 G 0 0 0 0 1173.7749
C002 88 R 90 0 0 0 692.7326
C002 89 G 90 0 0 0 583.464
C002 90 L 60 0 0 0 525.77
C002 91 R 0 1 1 0 504.6017
C002 92 R 60 0 0 0 527.9936
C002 93 R 150 1 1 0 895.2383
C002 94 G 60 1 1 0 655.3114
C002 95 R 60 1 1 0 579.5798
C002 96 G 90 1 1 0 495.9536
C002 97 G 90 0 0 0 538.2132
C002 98 F 90 0 0 0 524.4698
C002 99 R 120 0 0 0 506.3455
C002 100 F 150 0 0 0 590.514
C002 101 R 150 1 1 0 612.6384
C002 102 F 120 1 1 0 645.7563
C002 103 G 120 0 0 0 535.8231
C002 104 F 120 0 0 0 509.9935
C002 105 F 120 0 0 0 432.441
C002 106 G 60 0 0 0 490.1307
C002 107 L 0 0 0 0 770.672
C002 108 G 180 0 1 1 689.2916
C002 109 F 180 1 1 0 1000.7415
C002 110 L 0 1 1 0 771.6878
C002 111 L 90 1 1 0 520.8074
C002 112 G 150 0 0 0 693.7359
C002 113 R 0 0 0 0 477.8789
C002 114 F 180 0 0 0 554.0874
C002 115 G 180 0 1 1 486.7503
C002 116 F 30 0 0 0 509.124
C002 117 R 30 1 1 0 537.6863
C002 118 R 90 1 1 0 646.3539
C002 119 R 150 0 0 0 663.1308
C002 120 R 30 1 1 0 654.4847
C002 121 L 180 0 0 0 863.7406
C002 122 G 0 0 0 0 668.9134
C002 123 F 30 0 0 0 507.2141
C002 124 G 150 1 1 0 662.857
C002 125 F 0 0 0 0 453.0218
C002 126 G 120 1 1 0 473.5135
C002 127 L 150 1 1 0 698.5729
C002 128 G 0 1 1 0 866.9892
C002 129 G 60 0 0 0 678.3944
C002 130 R 120 0 0 0 616.169
C002 131 R 90 1 1 0 521.6274
C002 132 L 90 0 0 0 595.1965
C002 133 G 120 0 0 0 576.3606
C002 134 R 60 0 0 0 466.4279
C002 135 G 90 1 1 0 515.2453
C002 136 G 150 1 1 0 512.6814
C002 137 L 180 1 1 0 612.3026
C002 138 R 0 1 1 0 710.3035
C002 139 R 120 1 0 1 650.0312
C002 140 L 120 0 0 0 609.3904
C002 141 G 30 0 0 0 557.13
C002 142 L 90 1 1 0 692.9669
C002 143 F 60 1 1 0 669.3229
C002 144 F 30 1 1 0 526.1886
C002 145 R 120 1 1 0 714.1088
C002 146 R 90 0 0 0 588.2259
C002 147 L 0 1 1 0 711.2837
C002 148 L 180 1 1 0 544.4356
C002 149 R 180 0 1 1 562.5473
C002 150 F 90 0 0 0 783.5786
C002 151 L 180 0 0 0 1048.9223
C002 152 F 120 1 1 0 712.708
C002 153 G 150 0 0 0 1567.9512
C002 154 G 90 1 1 0 738.8384
C002 155 G 120 1 1 0 730.7495
C002 156 R 120 0 0 0 651.6813
C002 157 L 90 1 1 0 549.4242
C002 158 L 30 1 1 0 700.2412
C002 159 R 60 0 0 0 716.2472
C002 160 R 30 1 1 0 738.6762
C002 161 F 180 1 1 0 1025.4057
C002 162 F 0 1 1 0 485.3047
C002 163 L 30 0 0 0 512.7825
C002 164 L 60 0 0 0 821.2534
C002 165 L 150 1 1 0 1222.3695
C002 166 F 120 0 0 0 968.2978
C002 167 L 0 1 1 0 618.0456
C002 168 F 60 1 1 0 595.4785
C002 169 F 90 1 1 0 524.3649
C002 170 R 180 1 1 0 726.0631
C002 171 F 150 1 1 0 790.3919
C002 172 G 30 0 0 0 680.6281
C002 173 L 150 0 0 0 660.6243
C002 174 R 0 1 1 0 538.8619
C002 175 F 120 1 1 0 636.6256
C002 176 G 0 0 0 0 564.2984
C002 177 R 150 0 1 1 444.519
C002 178 R 30 0 0 0 641.1147
C002 179 F 120 0 0 0 676.0774
C002 180 L 30 1 1 0 560.3743
C002 181 F 180 0 0 0 892.7303
C002 182 F 0 0 0 0 762.5826
C002 183 L 150 1 1 0 536.3091
C002 184 F 90 0 0 0 556.2037
C002 185 L 120 1 1 0 640.3885
C002 186 F 150 0 0 0 559.4715
C002 187 R 60 1 1 0 583.4539
C002 188 L 0 0 0 0 673.4761
C002 189 G 150 1 1 0 513.4494
C002 190 F 60 0 0 0 468.5235
C002 191 G 0 1 1 0 731.8375
C002 192 R 150 1 1 0 659.455
C002 193 L 60 1 1 0 540.5345
C002 194 G 180 0 1 1 537.1652
C002 195 R 30 1 1 0 824.9846
C002 196 G 60 1 1 0 635.0025
C002 197 F 30 0 0 0 535.5811
C002 198 F 150 1 1 0 817.2258
C002 199 F 30 1 1 0 512.374
C002 200 F 90 1 1 0 776.2856
C002 201 G 30 1 1 0 553.0553
C002 202 G 120 0 0 0 592.3445
C002 203 G 0 0 0 0 524.9789
C002 204 F 150 0 0 0 585.5379
C002 205 G 150 0 0 0 589.7855
C002 206 F 60 0 0 0 490.0912
C002 207 G 90 0 0 0 609.8186
C002 208 L 60 1 1 0 557.0651
C002 209 R 60 1 1 0 572.1381
C002 210 L 30 0 0 0 547.0201
C002 211 R 180 0 1 1 526.8118
C002 212 R 0 0 0 0 555.6494
C002 213 R 90 0 0 0 545.2661
C002 214 F 0 0 0 0 496.5522
C002 215 G 180 1 1 0 751.0757
C002 216 G 180 1 1 0 755.8319
C002 217 F 0 1 1 0 781.4787
C002 218 R 150 0 0 0 649.2531
C002 219 L 0 0 0 0 842.5906
C002 220 G 90 0 0 0 920.2051
C002 221 G 60 1 1 0 726.053
C002 222 G 180 0 1 1 590.4644
C002 223 R 90 1 1 0 848.836
C002 224 G 60 0 0 0 559.2665
C002 225 F 180 1 1 0 1233.3788
C002 226 F 30 0 0 0 670.3882
C002 227 L 150 0 0 0 708.2233
C002 228 L 90 0 0 0 526.0096
C002 229 L 120 0 0 0 498.5502
C002 230 R 0 0 0 0 683.126
C002 231 G 120 1 1 0 663.2468
C002 232 G 30 1 1 0 663.6034
C002 233 G 0 1 1 0 554.8881
C002 234 F 180 0 1 1 560.4402
C002 235 L 120 1 1 0 792.8195
C002 236 L 180 0 1 1 581.1104
C002 237 R 30 0 0 0 585.9773
C002 238 R 180 1 1 0 975.4022
C002 239 L 60 0 0 0 608.5906
C002 240 R 150 1 1 0 849.1175
