E005 18 R 0 0 0 0 871.9242
E005 19 L 120 1 0 1 1122.144
E005 20 R 30 1 1 0 735.3636
E005 21 R 0 1 1 0 724.9782
E005 22 L 0 0 0 0 1104.1859
E005 23 R 180 1 0 1 1486.3515
E005 24 G 0 0 0 0 1060.5376
E005 25 F 60 1 1 0 934.4132
E005 26 G 120 0 0 0 886.0604
E005 27 F 0 0 0 0 823.729
E005 28 L 30 0 0 0 1206.5042
E005 29 G 120 0 0 0 1157.8013
E005 30 G 60 0 0 0 1433.1341
E005 31 F 150 1 1 0 1318.4667
E005 32 F 60 0 0 0 740.0907
E005 33 G 30 0 0 0 735.4949
E005 34 L 120 0 0 0 769.0888
E005 35 G 90 1 1 0 857.6098
E005 36 F 30 0 0 0 629.2934
E005 37 R 150 1 0 1 868.2852
E005 38 G 120 1 1 0 1311.1228
E005 39 R 150 0 0 0 654.2248
E005 40 G 150 0 0 0 840.4063
E005 41 F 60 1 1 0 726.7605
E005 42 L 150 1 1 0 1495.38
E005 43 L 150 0 0 0 630.2016
E005 44 G 120 1 1 0 886.8898
E005 45 G 90 0 0 0 618.6716
E005 46 R 120 1 1 0 686.8585
E005 47 F 120 1 1 0 615.569
E005 48 L 120 0 0 0 543.2461
E005 49 L 90 1 1 0 786.6846
E005 50 F 120 0 0 0 522.0605
E005 51 F 30 1 1 0 599.5036
E005 52 L 90 1 1 0 710.8828
E005 53 R 30 0 0 0 504.1632
E005 54 L 180 0 0 0 825.651
E005 55 G 60 1 1 0 574.9689
E005 56 R 30 1 1 0 688.7155
E005 57 R 180 0 0 0 1250.0865
E005 58 G 150 1 1 0 928.4021
E005 59 G 180 0 0 0 718.8137
E005 60 R 180 0 0 0 784.9031
E005 61 L 0 1 1 0 900.0325
E005 62 F 90 0 0 0 934.9468
E005 63 F 150 0 0 0 698.8964
E005 64 L 60 1 1 0 635.0631
E005 65 R 120 1 1 0 666.823
E005 66 R 60 1 1 0 604.1109
E005 67 F 120 0 0 0 549.7869
E005 68 R 60 1 1 0 519.3149
E005 69 G 0 0 1 1 745.395
E005 70 G 150 0 0 0 712.3528
E005 71 L 0 1 1 0 606.2047
E005 72 F 0 1 1 0 641.9355
E005 73 F 150 0 0 0 686.5082
E005 74 G 60 1 1 0 992.3747
E005 75 F 120 1 1 0 980.6411
E005 76 F 0 0 0 0 506.3537
E005 77 G 30 0 0 0 682.8885
E005 78 G 180 1 1 0 541.4842
E005 79 F 180 0 0 0 755.4438
E005 80 R 90 0 0 0 661.1905
E005 81 L 60 1 1 0 630.7472
E005 82 F 90 0 0 0 551.0485
E005 83 R 0 1 1 0 649.1951
E005 84 L 30 0 0 0 710.3995
E005 85 R 60 0 0 0 727.2245
E005 86 L 60 0 0 0 746.9053
E005 87 R 30 0 0 0 547.8531
E005 88 R 60 0 0 0 549.4916
E005 89 F 30 1 1 0 645.8961
E005 90 G 30 1 1 0 542.0678
E005 91 L 150 1 1 0 670.9043
E005 92 G 0 1 1 0 639.1212
E005 93 G 180 1 1 0 660.8485
E005 94 R 90 1 1 0 1046.8372
E005 95 G 180 0 0 0 916.2259
E005 96 F 180 1 1 0 1299.2207
E005 97 G 150 1 1 0 1141.9021
E005 98 R 120 0 0 0 686.1235
E005 99 L 90 0 0 0 742.7388
E005 100 G 90 0 0 0 622.1626
E005 101 L 90 0 0 0 716.8623
E005 102 F 30 0 0 0 897.3884
E005 103 F 0 1 1 0 550.1585
E005 104 R 150 0 0 0 554.1598
E005 105 R 120 0 0 0 472.4285
E005 106 L 0 0 0 0 619.2457
E005 107 F 90 1 1 0 654.7855
E005 108 R 90 0 0 0 458.0222
E005 109 L 180 1 1 0 1091.0241
E005 110 F 150 1 1 0 758.8423
E005 111 L 180 1 1 0 527.8327
E005 112 G 90 1 1 0 1037.6978
E005 113 L 120 1 1 0 848.6464
E005 114 R 180 1 1 0 1295.6901
E005 115 R 0 0 0 0 686.0056
E005 116 L 180 0 1 1 892.1327
E005 117 L 30 1 1 0 938.569
E005 118 F 60 0 0 0 575.0454
E005 119 G 30 1 0 1 960.5704
E005 120 R 150 1 1 0 900.5653
E005 121 G 60 0 0 0 525.3008
E005 122 L 60 0 0 0 595.8989
E005 123 F 90 1 1 0 628.545
E005 124 L 150 0 1 1 451.5026
E005 125 G 0 1 1 0 837.4645
E005 126 F 180 0 1 1 447.6541
E005 127 L 30 1 1 0 570.7362
E005 128 F 180 1 1 0 931.3013
E005 129 R 90 1 1 0 639.7
E005 130 L 60 0 0 0 856.5516
E005 131 R 90 0 0 0 649.7753
E005 132 R 60 0 0 0 569.9104
E005 133 R 90 1 1 0 500.5765
E005 134 G 60 0 0 0 625.5935
E005 135 L 0 0 0 0 742.3547
E005 136 F 30 0 0 0 856.5807
E005 137 L 30 0 0 0 523.0268
E005 138 R 180 0 1 1 552.4546
E005 139 F 60 1 1 0 597.5866
E005 140 R 150 1 0 1 851.0319
E005 141 R 150 1 1 0 682.4795
E005 142 L 30 1 1 0 626.7473
E005 143 F 30 1 1 0 651.9368
E005 144 R 60 0 0 0 525.0232
E005 145 L 120 0 0 0 795.1041
E005 146 G 60 1 1 0 571.5372
E005 147 F 30 0 0 0 662.066
E005 148 F 90 0 0 0 848.8313
E005 149 G 0 0 0 0 603.9329
E005 150 L 60 0 0 0 627.2144
E005 151 L 60 1 1 0 420.7144
E005 152 R 30 1 1 0 627.9952
E005 153 G 30 1 0 1 680.4507
E005 154 L 180 1 1 0 613.5922
E005 155 F 60 0 0 0 514.3564
E005 156 L 150 0 0 0 934.6967
E005 157 L 0 1 1 0 555.5768
E005 158 G 90 0 0 0 581.1873
E005 159 L 0 1 1 0 501.8314
E005 160 F 120 0 0 0 638.6845
E005 161 R 120 0 0 0 565.9099
E005 162 G 90 0 0 0 579.7438
E005 163 R 0 0 0 0 458.0535
E005 164 G 0 1 1 0 623.2759
E005 165 R 90 1 1 0 661.2667
E005 166 R 180 1 1 0 545.2458
E005 167 R 180 0 1 1 532.3204
E005 168 G 150 1 0 1 952.2344
E005 169 G 150 0 0 0 857.1994
E005 170 R 0 0 1 1 490.5688
E005 171 F 0 1 1 0 652.5944
E005 172 R 90 0 0 0 538.1388
E005 173 F 90 0 0 0 539.7951
E005 174 F 180 0 0 0 704.3423
E005 175 R 120 1 1 0 723.0888
E005 176 F 0 1 1 0 821.3723
E005 177 G 180 0 0 0 944.7924
E005 178 L 60 1 1 0 629.5993
E005 179 R 0 1 1 0 663.7168
E005 180 R 30 0 0 0 520.0776
E005 181 G 120 0 0 0 677.8808
E005 182 L 180 0 1 1 737.1289
E005 183 L 180 1 1 0 525.3137
E005 184 L 150 0 0 0 627.1535
E005 185 G 180 0 0 0 574.4322
E005 186 G 30 0 0 0 745.4414
E005 187 L 120 1 1 0 683.3813
E005 188 F 150 0 0 0 645.7083
E005 189 L 30 1 1 0 619.2153
E005 190 F 150 1 1 0 983.5557
E005 191 F 90 1 1 0 814.6426
E005 192 G 120 1 1 0 926.9178
E005 193 F 150 0 0 0 541.4881
E005 194 G 30 0 0 0 523.4604
E005 195 F 120 0 0 0 584.9355
E005 196 L 120 0 0 0 912.7509
E005 197 L 30 0 0 0 541.6166
E005 198 F 150 1 1 0 608.0767
E005 199 L 90 0 0 0 557.6304
E005 200 R 60 1 1 0 567.9468
E005 201 G 60 1 1 0 574.2238
E005 202 G 120 1 1 0 854.0147
E005 203 R 150 0 0 0 545.2109
E005 204 G 30 1 1 0 1274.0999
E005 205 G 150 1 1 0 1119.647
E005 206 F 30 1 1 0 664.1956
E005 207 G 60 0 0 0 469.418
E005 208 G 180 1 1 0 1143.0372
E005 209 R 60 1 1 0 743.9879
E005 210 R 120 0 0 0 593.7931
E005 211 L 0 0 0 0 620.2244
E005 212 R 180 1 1 0 671.5474
E005 213 G 180 1 1 0 590.6985
E005 214 F 120 1 1 0 622.8501
E005 215 F 60 0 0 0 469.1923
E005 216 R 30 0 0 0 479.0793
E005 217 R 30 1 1 0 480.6843
E005 218 L 90 1 1 0 700.0937
E005 219 G 150 0 0 0 661.1569
E005 220 L 150 1 1 0 583.8133
E005 221 L 90 1 1 0 699.228
E005 222 R 150 0 0 0 696.7997
E005 223 L 120 1 1 0 607.5107
E005 224 G 90 1 1 0 623.1018
E005 225 F 120 1 1 0 750.4194
E005 226 F 0 0 0 0 755.5519
E005 227 L 150 1 1 0 523.8305
E005 228 L 180 0 1 1 433.4238
E005 229 F 90 1 1 0 630.6086
E005 230 G 0 1 1 0 659.1977
E005 231 F 180 1 1 0 460.6993
E005 232 F 0 0 0 0 521.975
E005 233 F 60 1 1 0 494.9576
E005 234 L 90 0 0 0 625.91
E005 235 G 120 0 0 0 797.6005
E005 236 F 180 1 1 0 521.3791
E005 237 R 120 1 1 0 623.2842
E005 238 F 180 0 1 1 547.778
E005 239 R 0 1 1 0 808.7556
E005 240 G 90 1 1 0 405.7192
E005 241 G 0 0 0 0 445.7678
