D005 25 R 150 1 1 0 1660.6335
D005 26 G 150 0 0 0 1182.9419
D005 27 R 180 0 1 1 1279.0113
D005 28 F 0 1 1 0 1426.5958
D005 29 R 30 0 0 0 953.4486
D005 30 R 60 0 0 0 739.9284
D005 31 R 60 0 0 0 1652.5349
D005 32 F 180 1 1 0 1633.6062
D005 33 F 180 0 0 0 1985.8519
D005 34 L 180 0 0 0 1965.7837
D005 35 R 150 0 0 0 1145.9887
D005 36 F 90 1 1 0 1106.4549
D005 37 L 90 0 0 0 855.4035
D005 38 G 150 1 1 0 1001.6354
D005 39 G 0 1 1 0 1472.4105
D005 40 F 90 1 1 0 1011.2683
D005 41 R 180 1 0 1 1592.1812
D005 42 L 180 1 9997 1 2000.0363
D005 43 F 90 0 0 0 1047.7264
D005 44 G 90 0 0 0 835.6212
D005 45 G 120 0 0 0 751.282
D005 46 F 30 0 0 0 1490.8219
D005 47 L 120 1 1 0 858.5439
D005 48 F 150 1 1 0 1528.106
D005 49 L 120 0 0 0 935.8853
D005 50 R 0 0 0 0 963.9178
D005 51 G 30 1 9997 1 2000.0371
D005 52 L 60 0 0 0 686.4155
D005 53 F 180 0 0 0 973.3928
D005 54 L 60 1 1 0 865.9161
D005 55 L 30 1 1 0 1816.3167
D005 56 R 90 0 0 0 727.1195
D005 57 R 180 0 0 0 1122.5148
D005 58 L 0 0 0 0 595.3524
D005 59 G 180 0 1 1 908.5413
D005 60 R 0 1 1 0 1962.8865
D005 61 R 180 1 1 0 1467.9126
D005 62 F 30 0 0 0 704.0728
D005 63 R 120 0 0 0 880.3453
D005 64 R 120 1 1 0 1701.5262
D005 65 L 150 1 0 1 1411.1582
D005 66 R 60 1 1 0 1628.6883
D005 67 G 0 0 0 0 796.5415
D005 68 L 90 1 1 0 1285.4382
D005 69 L 90 1 1 0 769.0894
D005 70 L 150 0 0 0 1113.8594
D005 71 G 180 0 1 1 873.1887
D005 72 F 60 1 1 0 681.0846
D005 73 R 90 1 1 0 774.7275
D005 74 G 120 0 0 0 980.7831
D005 75 G 90 0 0 0 577.7417
D005 76 R 150 1 1 0 915.6687
D005 77 R 30 1 0 1 705.3821
D005 78 L 30 1 1 0 883.7369
D005 79 L 120 0 0 0 851.017
D005 80 R 120 0 0 0 788.8637
D005 81 L 30 0 0 0 532.9852
D005 82 F 60 1 0 1 698.9567
D005 83 G 120 1 1 0 1221.9252
D005 84 F 120 0 0 0 633.5801
D005 85 R 120 1 1 0 954.2564
D005 86 F 60 0 0 0 634.0665
D005 87 F 120 1 1 0 932.6445
D005 88 L 60 1 1 0 845.2028
D005 89 G 180 1 1 0 904.5883
D005 90 L 60 0 0 0 693.6116
D005 91 F 120 0 0 0 1270.9774
D005 92 G 90 1 1 0 949.3677
D005 93 G 180 1 1 0 1530.1362
D005 94 G 0 1 1 0 952.0131
D005 95 F 30 1 1 0 753.2995
D005 96 L 180 0 1 1 1131.2767
D005 97 R 30 1 1 0 911.6849
D005 98 L 0 1 1 0 600.5444
D005 99 F 0 1 1 0 640.6814
D005 100 F 60 0 0 0 732.4662
D005 101 F 150 0 0 0 910.1072
D005 102 L 30 0 0 0 711.5603
D005 103 G 0 0 0 0 637.5789
D005 104 F 150 1 1 0 585.3002
D005 105 L 90 0 0 0 732.4781
D005 106 G 60 0 0 0 762.9656
D005 107 R 90 1 1 0 747.7712
D005 108 F 90 0 0 0 558.7893
D005 109 L 150 0 1 1 773.5627
D005 110 F 30 1 1 0 707.7471
D005 111 G 150 0 0 0 793.799
D005 112 R 60 1 1 0 624.3784
D005 113 F 120 1 1 0 677.6741
D005 114 F 180 1 1 0 612.2541
D005 115 R 0 0 0 0 593.9279
D005 116 L 120 1 1 0 897.4562
D005 117 R 90 0 0 0 784.4275
D005 118 R 0 1 1 0 726.0282
D005 119 F 150 0 0 0 592.1323
D005 120 G 90 1 1 0 687.4958
D005 121 G 60 1 1 0 523.3989
D005 122 F 0 0 0 0 563.0487
D005 123 G 120 1 1 0 679.5795
D005 124 L 0 0 0 0 531.7226
D005 125 G 150 1 1 0 556.4038
D005 126 L 150 1 1 0 760.2729
D005 127 G 30 0 0 0 565.878
D005 128 L 0 1 1 0 777.736
D005 129 G 60 0 0 0 513.6412
D005 130 G 30 1 1 0 715.6065
D005 131 G 30 0 0 0 676.4217
D005 132 R 150 0 1 1 606.8861
D005 133 L 180 1 1 0 978.8943
D005 134 G 60 1 1 0 829.049
D005 135 F 0 0 0 0 535.8319
D005 136 R 30 0 0 0 588.7004
D005 137 F 120 1 1 0 675.9716
D005 138 R 120 0 0 0 560.6442
D005 139 G 180 1 1 0 578.18
D005 140 G 120 0 0 0 642.2821
D005 141 F 0 0 0 0 547.1673
D005 142 G 180 1 1 0 601.094
D005 143 F 150 0 0 0 483.9717
D005 144 G 30 0 0 0 525.7607
D005 145 L 180 1 1 0 700.7366
D005 146 G 120 1 1 0 857.5553
D005 147 R 60 0 0 0 477.0702
D005 148 G 150 1 1 0 755.0905
D005 149 G 90 0 0 0 544.4856
D005 150 L 150 1 1 0 805.5245
D005 151 R 180 0 0 0 922.8497
D005 152 L 90 1 1 0 779.1053
D005 153 G 150 0 0 0 769.5553
D005 154 R 90 0 0 0 706.2096
D005 155 L 30 1 1 0 695.4222
D005 156 R 60 1 1 0 716.254
D005 157 F 60 0 0 0 702.7328
D005 158 L 0 1 1 0 795.5916
D005 159 F 150 1 1 0 895.0881
D005 160 R 150 0 0 0 863.3592
D005 161 F 30 0 0 0 602.5446
D005 162 F 90 1 1 0 839.9832
D005 163 F 180 1 1 0 976.9738
D005 164 R 90 0 0 0 879.4649
D005 165 F 150 0 0 0 1079.1196
D005 166 R 30 1 1 0 818.2884
D005 167 L 150 1 1 0 1381.0331
D005 168 G 150 1 1 0 1286.3463
D005 169 F 30 0 0 0 776.7182
D005 170 L 120 1 1 0 1090.6461
D005 171 G 0 0 0 0 735.2727
D005 172 F 90 0 0 0 669.7626
D005 173 G 120 0 0 0 748.2355
D005 174 R 30 0 0 0 654.9543
D005 175 R 60 0 0 0 690.2651
D005 176 L 150 0 1 1 657.3178
D005 177 L 180 0 1 1 610.3668
D005 178 R 0 0 0 0 507.4369
D005 179 L 60 0 0 0 1095.617
D005 180 L 60 1 1 0 621.493
D005 181 L 30 1 1 0 553.8201
D005 182 R 180 0 0 0 829.3467
D005 183 L 120 0 1 1 719.077
D005 184 L 30 0 0 0 519.4135
D005 185 G 150 0 0 0 975.6804
D005 186 F 30 1 1 0 575.5481
D005 187 F 180 0 1 1 822.9995
D005 188 R 180 1 1 0 1378.8332
D005 189 L 120 0 0 0 878.6484
D005 190 G 90 1 1 0 1091.4682
D005 191 G 0 0 0 0 760.4719
D005 192 G 90 0 1 1 808.9769
D005 193 F 180 1 9997 1 2000.0371
D005 194 R 0 0 0 0 1123.5192
D005 195 F 120 1 1 0 840.4499
D005 196 F 60 1 1 0 697.6427
D005 197 R 30 1 1 0 769.1833
D005 198 L 60 0 0 0 638.0543
D005 199 L 90 0 0 0 1132.8521
D005 200 R 0 1 1 0 816.8615
D005 201 G 90 1 1 0 1249.8796
D005 202 R 150 1 1 0 998.4065
D005 203 G 120 1 1 0 987.0577
D005 204 L 60 1 1 0 800.9785
D005 205 F 180 0 1 1 1043.1156
D005 206 G 60 0 0 0 691.1352
D005 207 R 120 1 1 0 1221.1482
D005 208 L 90 0 0 0 745.8492
D005 209 R 60 1 1 0 769.1699
D005 210 G 0 1 1 0 1099.4736
D005 211 L 180 1 1 0 1570.8536
D005 212 G 30 0 0 0 1103.2245
D005 213 F 0 0 0 0 675.7142
D005 214 G 60 1 1 0 835.1379
D005 215 L 150 0 0 0 1035.8745
D005 216 G 60 1 1 0 1237.9914
D005 217 F 150 1 1 0 1292.5704
D005 218 F 90 1 1 0 1189.7281
D005 219 F 120 0 0 0 855.5946
D005 220 R 0 1 1 0 998.9237
D005 221 G 30 1 1 0 978.6392
D005 222 F 90 0 0 0 883.9943
D005 223 R 150 0 0 0 796.0495
D005 224 L 120 1 1 0 918.3045
D005 225 F 120 0 0 0 535.6866
D005 226 L 180 0 0 0 1538.3256
D005 227 F 0 1 1 0 945.4558
D005 228 G 180 0 9997 1 2000.0379
D005 229 R 120 0 0 0 1222.9652
D005 230 L 0 1 1 0 802.3209
D005 231 R 120 1 1 0 1158.0387
D005 232 L 30 0 0 0 684.0118
D005 233 F 60 0 0 0 800.1541
D005 234 G 30 1 1 0 1362.6793
D005 235 L 0 0 0 0 647.2237
D005 236 F 0 1 1 0 932.0239
D005 237 R 90 1 1 0 1716.3543
D005 238 G 0 1 1 0 673.9707
D005 239 R 180 1 1 0 1117.7042
D005 240 R 30 0 0 0 789.6968
D005 241 F 60 1 1 0 758.632
D005 242 R 90 1 1 0 957.4245
D005 243 R 150 1 1 0 1083.2416
D005 244 G 180 0 0 0 1638.7413
D005 245 L 0 0 0 0 1462.7768
D005 246 F 30 1 1 0 725.0949
D005 247 L 90 1 1 0 1388.6114
D005 248 G 60 0 0 0 742.2421
