k013 20 F 30 0 1 1 1135.0437
k013 21 R 30 0 1 1 642.3649
k013 22 R 150 0 9997 1 2000.0338
k013 23 F 0 0 0 0 1408.434
k013 24 F 0 1 1 0 744.0817
k013 25 L 90 0 0 0 1484.4426
k013 26 G 90 0 0 0 735.1736
k013 27 R 180 1 1 0 1444.9744
k013 28 R 30 1 1 0 1767.1514
k013 29 F 120 0 0 0 1233.2598
k013 30 F 120 1 1 0 998.2316
k013 31 R 120 1 1 0 903.8126
k013 32 G 150 0 0 0 1057.0897
k013 33 G 180 1 1 0 1715.4661
k013 34 R 60 0 0 0 887.8768
k013 35 G 120 1 1 0 889.746
k013 36 G 0 1 1 0 1061.9026
k013 37 L 0 1 1 0 696.6581
k013 38 G 60 0 0 0 814.5281
k013 39 R 60 1 1 0 543.6291
k013 40 L 90 1 1 0 548.3839
k013 41 L 30 1 1 0 501.6794
k013 42 L 60 1 1 0 504.8318
k013 43 F 150 0 0 0 1121.9485
k013 44 F 150 0 0 0 603.2591
k013 45 R 0 0 0 0 715.8027
k013 46 R 30 0 0 0 600.0402
k013 47 R 180 1 1 0 1825.8189
k013 48 G 30 0 0 0 726.0157
k013 49 L 120 1 1 0 908.5197
k013 50 L 120 0 0 0 782.0391
k013 51 F 60 0 0 0 659.895
k013 52 R 90 0 0 0 575.8221
k013 53 F 180 1 1 0 723.0525
k013 54 L 180 1 1 0 735.9363
k013 55 G 90 1 1 0 794.2859
k013 56 F 0 1 1 0 640.2233
k013 57 F 90 1 1 0 528.9105
k013 58 F 120 0 0 0 745.1226
k013 59 R 120 0 0 0 663.9048
k013 60 L 180 0 1 1 827.0576
k013 61 L 180 1 1 0 893.2364
k013 62 F 60 1 1 0 807.2657
k013 63 L 30 0 0 0 747.1796
k013 64 L 150 0 0 0 907.4011
k013 65 R 120 0 0 0 718.8319
k013 66 R 0 0 0 0 621.0024
k013 67 G 30 0 0 0 657.0318
k013 68 F 90 1 1 0 692.5235
k013 69 R 0 1 1 0 734.0128
k013 70 L 150 1 1 0 1418.1548
k013 71 F 30 1 1 0 771.3729
k013 72 L 150 1 1 0 505.9196
k013 73 L 0 0 0 0 802.8107
k013 74 F 180 0 1 1 779.9089
k013 75 F 60 1 1 0 1349.2567
k013 76 F 150 1 1 0 1206.4503
k013 77 G 180 0 1 1 888.4065
k013 78 F 0 0 0 0 858.6035
k013 79 R 180 0 0 0 1786.2527
k013 80 G 150 1 1 0 1334.5612
k013 81 F 30 0 0 0 898.9562
k013 82 G 180 1 1 0 1325.785
k013 83 G 0 0 0 0 685.3547
k013 84 G 30 1 1 0 967.5129
k013 85 F 120 1 1 0 1257.588
k013 86 G 30 1 0 1 864.1911
k013 87 F 180 1 1 0 980.709
k013 88 L 180 0 1 1 866.7803
k013 89 G 120 0 0 0 1040.8549
k013 90 R 150 0 9997 1 2000.0399
k013 91 R 180 0 0 0 796.7895
k013 92 R 90 1 1 0 1223.5932
k013 93 R 60 1 1 0 719.2439
k013 94 G 90 1 1 0 1080.0588
k013 95 L 120 0 0 0 838.2585
k013 96 G 60 1 1 0 796.5091
k013 97 G 0 0 0 0 811.0224
k013 98 R 120 1 1 0 811.2864
k013 99 G 120 0 0 0 774.0727
k013 100 G 60 0 0 0 647.4049
k013 101 G 60 1 1 0 832.3332
k013 102 L 90 1 1 0 998.2397
k013 103 L 60 1 1 0 588.0233
k013 104 L 30 1 1 0 549.0955
k013 105 F 90 0 0 0 725.8909
k013 106 L 30 0 0 0 767.6545
k013 107 R 30 1 1 0 1085.9956
k013 108 G 150 1 1 0 1570.7175
k013 109 L 60 0 1 1 600.1215
k013 110 R 150 1 1 0 1257.9261
k013 111 G 180 0 1 1 959.6359
k013 112 G 120 1 1 0 1547.8587
k013 113 L 150 0 0 0 1230.7422
k013 114 F 30 1 1 0 881.7962
k013 115 R 0 1 1 0 972.3043
k013 116 L 0 1 1 0 1246.6311
k013 117 L 120 1 1 0 829.5255
k013 118 F 180 0 0 0 1457.024
k013 119 F 150 1 0 1 1618.8747
k013 120 R 90 1 1 0 1030.4349
k013 121 L 0 0 0 0 1003.4435
k013 122 G 0 1 1 0 1046.1466
k013 123 R 60 0 0 0 928.5856
k013 124 G 90 0 0 0 963.7893
k013 125 L 90 0 0 0 1175.7598
k013 126 R 150 1 1 0 1801.4211
k013 127 L 60 0 0 0 763.551
k013 128 F 60 0 0 0 771.6813
k013 129 F 90 0 0 0 911.3946
k013 130 G 150 0 0 0 1276.5622
k013 131 R 90 0 0 0 890.7657
k013 132 L 150 1 1 0 780.569
k013 133 L 90 0 0 0 648.4768
k013 134 G 180 0 0 0 1124.0188
k013 135 R 30 0 0 0 673.2076
k013 136 G 90 1 1 0 663.9316
k013 137 R 150 0 0 0 1714.0863
k013 138 F 120 0 0 0 1073.6962
k013 139 R 120 0 0 0 692.1544
k013 140 R 150 0 0 0 759.1632
k013 141 F 180 1 1 0 929.7073
k013 142 L 180 0 0 0 1420.2235
k013 143 R 90 1 1 0 1454.6318
k013 144 R 120 0 1 1 1326.7426
k013 145 L 0 0 0 0 711.0404
k013 146 F 120 1 1 0 1115.8656
k013 147 R 0 1 1 0 885.3357
k013 148 G 0 0 0 0 740.8212
k013 149 F 30 1 1 0 805.4479
k013 150 F 150 1 1 0 1709.1524
k013 151 L 90 1 1 0 1354.6213
k013 152 R 150 1 1 0 1053.789
k013 153 F 180 0 1 1 1250.1078
k013 154 G 90 0 0 0 787.4822
k013 155 G 60 1 1 0 774.5241
k013 156 L 180 1 1 0 1242.4127
k013 157 G 30 0 0 0 836.0627
k013 158 R 60 1 1 0 1387.383
k013 159 G 30 1 1 0 982.448
k013 160 R 60 0 0 0 798.4992
k013 161 L 30 0 0 0 797.0323
k013 162 R 30 0 0 0 665.6639
k013 163 F 0 1 1 0 726.4817
k013 164 G 30 0 0 0 793.8439
k013 165 L 30 0 0 0 663.1253
k013 166 G 30 1 1 0 813.314
k013 167 F 0 0 0 0 907.367
k013 168 L 90 0 0 0 1130.8018
k013 169 F 60 1 1 0 701.3179
k013 170 L 120 0 0 0 726.9421
k013 171 L 60 1 1 0 720.7003
k013 172 L 0 1 1 0 673.9546
k013 173 F 30 1 1 0 591.3489
k013 174 L 150 0 0 0 911.0194
k013 175 R 0 0 0 0 692.0824
k013 176 G 120 0 0 0 709.9528
k013 177 F 150 1 1 0 797.6754
k013 178 R 30 1 1 0 1063.724
k013 179 R 90 1 9997 1 2000.0344
k013 180 F 120 0 9997 1 2000.0327
k013 181 R 60 0 0 0 554.7677
k013 182 G 0 1 1 0 611.188
k013 183 R 150 1 1 0 777.8475
k013 184 G 180 0 1 1 797.6036
k013 185 F 0 0 0 0 927.9556
k013 186 G 90 0 0 0 669.3342
k013 187 F 30 0 0 0 610.6206
k013 188 G 180 1 1 0 765.1833
k013 189 F 0 1 1 0 561.8817
k013 190 G 60 1 1 0 670.9886
k013 191 R 120 1 9997 1 2000.0377
k013 192 L 120 1 1 0 622.8004
k013 193 F 90 1 1 0 924.6348
k013 194 L 180 1 1 0 897.6755
k013 195 R 90 0 0 0 817.6872
k013 196 F 60 0 0 0 1083.8467
k013 197 L 150 0 1 1 852.3343
k013 198 R 60 1 0 1 1267.7293
k013 199 L 30 1 1 0 1138.2617
k013 200 F 90 1 1 0 841.8852
k013 201 L 90 1 1 0 1856.9081
k013 202 F 90 0 0 0 792.5113
k013 203 G 180 1 1 0 884.7024
k013 204 L 0 1 1 0 714.9604
k013 205 R 30 1 1 0 932.2241
k013 206 G 90 1 1 0 662.111
k013 207 F 90 0 0 0 742.3505
k013 208 L 150 1 1 0 660.247
k013 209 L 30 1 1 0 680.1878
k013 210 L 60 0 0 0 643.1647
k013 211 L 60 1 1 0 671.0431
k013 212 L 60 0 0 0 679.2587
k013 213 F 60 0 0 0 734.7842
k013 214 F 60 1 1 0 651.4652
k013 215 L 0 0 0 0 599.7854
k013 216 G 0 0 0 0 649.7963
k013 217 R 180 1 1 0 1020.5898
k013 218 R 0 0 0 0 658.8519
k013 219 G 60 0 0 0 604.2237
k013 220 F 180 1 1 0 1131.2468
k013 221 G 120 0 0 0 676.5357
k013 222 L 180 0 0 0 1104.7284
k013 223 G 150 1 1 0 1404.5771
k013 224 G 0 1 1 0 835.6548
k013 225 G 120 1 1 0 589.7244
k013 226 L 120 0 0 0 876.5902
k013 227 G 150 0 0 0 1586.2365
k013 228 F 180 0 0 0 1040.409
k013 229 R 180 0 0 0 1341.1098
k013 230 R 90 0 0 0 727.8009
k013 231 R 120 1 1 0 750.3465
k013 232 G 150 1 1 0 1281.0234
k013 233 G 150 0 0 0 780.4766
k013 234 R 180 1 1 0 995.498
k013 235 R 0 1 1 0 717.7348
k013 236 F 30 0 0 0 604.0231
k013 237 F 120 1 1 0 714.4461
k013 238 L 120 1 1 0 1069.3423
k013 239 G 120 1 1 0 616.6133
k013 240 R 180 0 1 1 829.7032
k013 241 F 150 0 0 0 1589.7046
k013 242 F 150 0 0 0 720.3077
k013 243 G 60 0 0 0 666.3791
