A114 17 G 30 1 1 0 1641.0412
A114 18 F 120 1 0 1 1816.737
A114 19 F 30 1 1 0 1514.6162
A114 20 F 0 1 1 0 677.756
A114 21 R 120 0 0 0 1479.0735
A114 22 R 120 1 1 0 1119.9088
A114 23 G 120 1 0 1 1406.2991
A114 24 R 60 0 0 0 1285.189
A114 25 G 120 0 0 0 1126.2535
A114 26 F 120 0 0 0 798.8607
A114 27 G 120 0 0 0 685.6662
A114 28 F 60 0 0 0 650.1265
A114 29 L 30 1 1 0 1179.651
A114 30 R 30 1 1 0 877.7892
A114 31 G 0 0 0 0 1382.1354
A114 32 G 180 1 1 0 1764.8642
A114 33 R 0 1 1 0 885.3715
A114 34 L 180 1 9997 1 2000.0402
A114 35 L 180 0 1 1 1083.8017
A114 36 F 30 0 1 1 861.7777
A114 37 R 120 0 0 0 1134.5548
A114 38 L 30 0 0 0 618.7921
A114 39 L 150 0 0 0 822.6344
A114 40 R 0 0 0 0 717.8236
A114 41 R 30 1 1 0 887.3441
A114 42 R 90 0 0 0 1157.1582
A114 43 L 120 1 1 0 1482.0272
A114 44 L 0 0 0 0 759.8943
A114 45 R 180 1 1 0 1551.5204
A114 46 R 180 1 1 0 1388.1734
A114 47 R 0 1 1 0 1078.6868
A114 48 G 60 0 0 0 809.8719
A114 49 R 180 0 1 1 1197.5966
A114 50 F 120 1 1 0 1390.6072
A114 51 G 180 1 1 0 1608.2938
A114 52 L 120 0 0 0 1052.9226
A114 53 F 150 0 0 0 569.8286
A114 54 R 60 1 1 0 970.7345
A114 55 L 90 0 0 0 1124.8642
A114 56 L 0 0 0 0 498.9779
A114 57 G 0 1 1 0 1170.4697
A114 58 F 30 0 0 0 657.1578
A114 59 G 150 0 0 0 1265.1812
A114 60 G 60 0 0 0 570.1026
A114 61 G 120 1 1 0 857.9901
A114 62 F 180 0 0 0 1363.4892
A114 63 R 90 1 1 0 1070.688
A114 64 L 30 1 1 0 840.4906
A114 65 R 0 0 0 0 616.1043
A114 66 G 150 1 9997 1 2000.038
A114 67 R 30 0 0 0 697.7457
A114 68 L 180 0 0 0 1058.3144
A114 69 L 60 1 1 0 815.9031
A114 70 L 0 1 1 0 592.418
A114 71 L 60 1 1 0 651.1037
A114 72 R 30 0 0 0 715.4652
A114 73 R 120 1 1 0 1203.9147
A114 74 F 90 1 1 0 1873.8474
A114 75 G 60 1 1 0 953.2804
A114 76 R 60 0 0 0 530.4143
A114 77 L 90 1 1 0 1215.2628
A114 78 L 90 1 1 0 627.0557
A114 79 G 0 0 0 0 1976.816
A114 80 G 30 0 0 0 578.98
A114 81 G 180 0 1 1 779.4208
A114 82 L 0 1 1 0 1549.2472
A114 83 L 150 1 1 0 750.6803
A114 84 L 60 0 0 0 767.9049
A114 85 L 150 0 0 0 961.7122
A114 86 G 90 0 0 0 611.8638
A114 87 F 30 1 0 1 1829.3892
A114 88 G 90 1 1 0 1193.7989
A114 89 G 90 0 0 0 847.3686
A114 90 G 60 1 1 0 973.5385
A114 91 F 150 1 1 0 1335.2166
A114 92 F 120 0 0 0 851.064
A114 93 L 60 0 0 0 1022.2134
A114 94 L 120 0 0 0 1077.1397
A114 95 R 180 0 1 1 954.9814
A114 96 G 90 1 1 0 887.9858
A114 97 G 180 0 1 1 1133.4753
A114 98 F 150 1 1 0 1199.6474
A114 99 F 150 0 0 0 1078.7731
A114 100 R 150 1 1 0 874.2932
A114 101 G 30 0 0 0 472.6467
A114 102 F 60 1 1 0 669.5999
A114 103 F 0 0 0 0 667.6326
A114 104 F 180 1 9997 1 2000.0399
A114 105 L 30 0 9997 1 2000.0391
A114 106 F 90 0 0 0 732.1039
A114 107 G 30 1 1 0 892.7414
A114 108 F 180 1 1 0 1128.6968
A114 109 F 90 1 1 0 1777.5139
A114 110 F 0 0 0 0 635.6646
A114 111 L 90 0 0 0 1344.1407
A114 112 F 180 0 0 0 1309.2237
A114 113 L 150 1 1 0 913.2001
A114 114 F 90 0 0 0 824.1313
A114 115 L 180 1 1 0 1834.0258
A114 116 G 150 1 1 0 756.2134
A114 117 G 0 1 1 0 704.0487
A114 118 F 60 1 1 0 628.1117
A114 119 F 0 1 1 0 545.3975
A114 120 R 150 0 0 0 763.0213
A114 121 R 150 1 1 0 934.3718
A114 122 R 90 1 1 0 741.5074
A114 123 R 90 0 0 0 845.3228
A114 124 R 150 0 0 0 841.8528
A114 125 G 150 0 0 0 815.7283
A114 126 F 60 0 0 0 509.3876
A114 127 R 60 1 1 0 825.0789
A114 128 L 120 1 1 0 1510.3218
A114 129 L 90 1 1 0 1998.818
A114 130 L 60 1 1 0 600.0212
A114 131 L 180 0 1 1 1218.9667
A114 132 G 90 0 0 0 709.3653
A114 133 G 150 1 1 0 881.1022
A114 134 G 60 1 1 0 661.4891
A114 135 R 30 0 0 0 625.1303
A114 136 L 120 1 1 0 761.894
A114 137 L 0 0 0 0 760.4726
A114 138 R 150 0 0 0 800.4473
A114 139 L 120 0 0 0 583.2194
A114 140 L 120 0 0 0 434.0873
A114 141 L 180 0 1 1 845.8606
A114 142 R 90 1 1 0 994.6778
A114 143 R 60 1 1 0 482.2915
A114 144 L 30 0 0 0 534.478
A114 145 G 180 1 1 0 1245.1935
A114 146 F 0 0 0 0 630.8671
A114 147 R 60 0 0 0 539.4281
A114 148 R 90 0 0 0 438.7066
A114 149 R 0 0 0 0 477.6666
A114 150 G 120 0 0 0 908.7619
A114 151 R 120 0 0 0 525.7953
A114 152 L 90 0 0 0 688.9244
A114 153 G 60 0 0 0 572.3141
A114 154 L 90 1 1 0 778.8202
A114 155 L 30 1 1 0 581.0599
A114 156 F 30 1 1 0 626.6187
A114 157 R 120 0 0 0 858.4954
A114 158 G 150 0 0 0 616.2219
A114 159 L 30 1 1 0 755.1074
A114 160 F 150 0 0 0 640.8379
A114 161 L 180 1 1 0 1062.732
A114 162 L 0 0 0 0 567.3472
A114 163 F 90 0 0 0 478.9402
A114 164 G 0 1 1 0 929.8221
A114 165 F 90 0 0 0 538.695
A114 166 R 60 0 0 0 561.7809
A114 167 F 120 0 0 0 470.8562
A114 168 R 180 0 1 1 801.5351
A114 169 F 150 1 1 0 1612.4175
A114 170 F 30 1 1 0 591.3531
A114 171 L 150 1 1 0 1037.1617
A114 172 G 180 0 0 0 1054.9559
A114 173 G 120 0 0 0 439.8394
A114 174 F 0 0 0 0 490.174
A114 175 G 30 0 0 0 470.1799
A114 176 G 60 1 1 0 1129.9484
A114 177 R 60 1 1 0 976.2679
A114 178 R 30 0 0 0 750.5627
A114 179 F 0 1 1 0 971.4411
A114 180 F 60 1 1 0 505.2002
A114 181 R 120 1 1 0 1065.8153
A114 182 F 120 1 1 0 1324.082
A114 183 F 120 1 1 0 530.7082
A114 184 G 0 0 0 0 1015.0966
A114 185 G 180 1 1 0 1311.3854
A114 186 L 150 0 0 0 1172.8932
A114 187 F 90 1 1 0 841.9176
A114 188 L 120 1 1 0 873.3853
A114 189 G 90 0 0 0 830.3902
A114 190 R 0 1 1 0 957.9877
A114 191 L 150 0 0 0 879.0159
A114 192 F 180 0 0 0 945.2363
A114 193 F 150 0 0 0 695.8158
A114 194 R 30 1 1 0 842.9756
A114 195 R 150 1 1 0 1797.0806
A114 196 L 90 0 0 0 758.1762
A114 197 R 0 1 1 0 830.7056
A114 198 F 30 0 0 0 803.9078
A114 199 G 120 1 1 0 1034.063
A114 200 L 0 1 1 0 1031.3216
A114 201 G 0 0 0 0 1567.0045
A114 202 R 150 1 1 0 879.6881
A114 203 F 60 0 0 0 647.727
A114 204 G 60 0 0 0 557.1529
A114 205 F 180 1 1 0 1014.2795
A114 206 F 120 0 0 0 978.1749
A114 207 G 180 0 0 0 891.9913
A114 208 F 0 1 1 0 1002.2014
A114 209 F 180 1 0 1 1698.282
A114 210 G 150 1 9997 1 2000.04
A114 211 F 60 1 0 1 1112.4436
A114 212 G 120 1 1 0 1671.5175
A114 213 R 30 1 1 0 511.5913
A114 214 F 90 1 1 0 562.6017
A114 215 L 60 1 1 0 526.7907
A114 216 R 180 0 0 0 884.4761
A114 217 R 180 1 1 0 930.1291
A114 218 F 150 1 1 0 1149.0323
A114 219 F 180 0 0 0 1069.2554
A114 220 G 150 0 0 0 632.3223
A114 221 L 60 0 0 0 1011.2294
A114 222 G 90 1 1 0 950.3903
A114 223 G 90 1 1 0 574.5476
A114 224 F 30 0 0 0 599.905
A114 225 R 150 0 0 0 798.4713
A114 226 G 30 0 0 0 511.6477
A114 227 R 0 0 0 0 491.4334
A114 228 F 60 0 0 0 449.7524
A114 229 G 30 1 1 0 645.4798
A114 230 L 30 0 1 1 694.5676
A114 231 L 0 1 1 0 810.4164
A114 232 L 150 1 1 0 787.0964
A114 233 R 90 0 0 0 671.4116
A114 234 L 180 1 0 1 1293.5803
A114 235 L 60 0 0 0 550.6236
A114 236 R 180 1 0 1 1936.4802
A114 237 R 90 1 1 0 864.9521
A114 238 G 0 1 1 0 532.818
A114 239 G 30 1 1 0 455.0981
A114 240 R 120 1 1 0 815.8442
