F006 16 R 150 0 1 1 842.3632
F006 17 F 180 0 1 1 1236.7237
F006 18 L 90 1 1 0 1667.8173
F006 19 G 0 0 0 0 1236.9256
F006 20 L 0 0 0 0 1204.4489
F006 21 L 120 0 1 1 1245.2759
F006 22 L 30 0 0 0 748.744
F006 23 G 60 0 0 0 656.2943
F006 24 L 90 1 1 0 718.0846
F006 25 F 120 0 0 0 747.5855
F006 26 F 180 1 1 0 894.5318
F006 27 R 180 0 1 1 1370.1199
F006 28 G 120 1 0 1 755.1963
F006 29 R 120 1 1 0 992.9675
F006 30 G 30 1 1 0 1364.1387
F006 31 G 30 0 0 0 993.6891
F006 32 R 60 1 1 0 972.1643
F006 33 R 30 1 1 0 677.8593
F006 34 F 180 1 1 0 1356.8183
F006 35 F 150 1 1 0 1413.6981
F006 36 G 0 1 1 0 882.7415
F006 37 G 150 1 9997 1 2000.038
F006 38 R 180 0 9997 1 2000.0394
F006 39 L 120 1 1 0 1716.6302
F006 40 R 60 0 0 0 1407.525
F006 41 L 30 1 1 0 875.3884
F006 42 F 120 1 1 0 766.5418
F006 43 R 0 1 1 0 615.3645
F006 44 G 150 0 9997 1 2000.0386
F006 45 F 90 1 1 0 794.2618
F006 46 L 90 0 0 0 1371.5799
F006 47 F 60 1 1 0 685.6721
F006 48 L 150 1 1 0 1069.7935
F006 49 L 30 1 1 0 724.2068
F006 50 R 90 0 0 0 1269.8337
F006 51 L 0 1 1 0 766.8159
F006 52 L 180 0 1 1 863.6187
F006 53 R 150 1 1 0 804.3204
F006 54 R 150 0 1 1 521.8515
F006 55 F 60 0 0 0 1035.198
F006 56 L 120 0 0 0 1261.5662
F006 57 L 60 0 0 0 669.4091
F006 58 R 0 1 1 0 614.2093
F006 59 G 180 0 1 1 1069.3077
F006 60 L 150 0 0 0 830.1164
F006 61 G 60 1 1 0 798.166
F006 62 L 0 1 1 0 891.9678
F006 63 L 60 0 0 0 838.0437
F006 64 F 90 0 0 0 692.7274
F006 65 L 0 0 0 0 568.8346
F006 66 F 0 0 0 0 852.8542
F006 67 F 30 0 0 0 497.9907
F006 68 F 60 0 0 0 473.9639
F006 69 G 150 0 0 0 757.3281
F006 70 F 150 0 0 0 586.1323
F006 71 L 60 1 1 0 545.4864
F006 72 F 0 1 1 0 506.6577
F006 73 F 180 0 0 0 1237.8732
F006 74 F 30 1 1 0 1084.9074
F006 75 F 30 1 1 0 886.499
F006 76 R 120 1 1 0 845.6404
F006 77 G 150 1 1 0 1104.7692
F006 78 R 90 1 1 0 583.7775
F006 79 G 30 0 0 0 674.1899
F006 80 G 0 1 1 0 661.8903
F006 81 R 30 0 0 0 640.0811
F006 82 G 120 1 1 0 912.9828
F006 83 L 180 0 1 1 684.6038
F006 84 G 90 0 0 0 589.1715
F006 85 R 60 0 0 0 585.1842
F006 86 G 120 0 0 0 522.4653
F006 87 L 60 1 1 0 667.7575
F006 88 G 30 1 1 0 580.3475
F006 89 F 0 0 0 0 565.0827
F006 90 R 0 0 0 0 637.6833
F006 91 F 150 0 0 0 583.6108
F006 92 R 120 0 0 0 651.3241
F006 93 R 60 1 1 0 584.6606
F006 94 G 60 0 0 0 458.9748
F006 95 F 150 1 1 0 874.1837
F006 96 L 180 1 1 0 1430.2105
F006 97 L 90 0 0 0 587.3593
F006 98 R 90 1 1 0 609.1576
F006 99 G 90 0 0 0 575.7195
F006 100 F 30 0 0 0 484.9896
F006 101 L 150 0 0 0 618.0023
F006 102 L 150 1 1 0 659.7176
F006 103 R 120 0 0 0 495.9225
F006 104 L 30 0 0 0 428.2053
F006 105 R 30 1 1 0 453.242
F006 106 R 90 0 0 0 684.0112
F006 107 G 90 1 1 0 719.494
F006 108 G 90 1 1 0 629.3831
F006 109 F 120 1 1 0 754.4682
F006 110 R 180 1 1 0 1599.6715
F006 111 G 180 0 0 0 1565.8473
F006 112 G 120 0 0 0 934.1089
F006 113 F 90 1 1 0 1084.7314
F006 114 R 30 0 0 0 571.3581
F006 115 G 180 1 1 0 1464.8873
F006 116 L 120 1 1 0 1744.8016
F006 117 F 60 1 1 0 1055.1358
F006 118 R 180 1 1 0 1249.1252
F006 119 G 180 1 1 0 629.3965
F006 120 G 60 1 1 0 695.1185
F006 121 F 0 1 1 0 641.4715
F006 122 G 0 0 0 0 835.9484
F006 123 R 150 1 1 0 744.1113
F006 124 F 120 0 0 0 801.1105
F006 125 R 0 0 0 0 528.016
F006 126 F 90 0 0 0 602.4769
F006 127 L 180 1 1 0 666.0888
F006 128 L 150 1 1 0 676.4323
F006 129 R 150 0 0 0 1189.6956
F006 130 F 90 1 1 0 698.9324
F006 131 L 60 0 0 0 766.0172
F006 132 G 0 0 0 0 610.8701
F006 133 L 180 0 1 1 631.875
F006 134 F 30 0 0 0 580.4464
F006 135 F 0 0 0 0 455.3355
F006 136 F 120 1 1 0 552.8652
F006 137 F 180 1 1 0 953.3346
F006 138 G 60 1 1 0 1015.3229
F006 139 R 180 1 1 0 1508.3858
F006 140 F 120 1 1 0 779.8145
F006 141 L 30 1 1 0 546.9846
F006 142 F 180 0 1 1 432.7687
F006 143 R 120 0 0 0 1283.3246
F006 144 R 30 0 0 0 581.6605
F006 145 F 90 0 0 0 762.2558
F006 146 F 0 1 1 0 879.6844
F006 147 L 0 1 1 0 993.9691
F006 148 F 60 0 0 0 593.3628
F006 149 L 120 0 0 0 727.6877
F006 150 L 60 0 0 0 529.3287
F006 151 G 120 0 0 0 649.6968
F006 152 R 180 0 1 1 1122.7709
F006 153 R 30 1 1 0 1075.7267
F006 154 G 30 1 1 0 700.413
F006 155 G 90 1 1 0 763.4023
F006 156 G 0 1 1 0 793.607
F006 157 R 0 1 1 0 776.9934
F006 158 G 150 1 1 0 1028.0343
F006 159 L 0 0 1 1 670.4268
F006 160 R 60 1 1 0 632.8726
F006 161 L 90 0 0 0 611.3685
F006 162 F 60 1 1 0 558.6816
F006 163 G 150 0 0 0 974.8052
F006 164 L 90 0 1 1 873.7203
F006 165 G 120 0 0 0 679.3369
F006 166 R 150 1 1 0 728.4853
F006 167 R 90 1 1 0 686.6993
F006 168 G 60 0 0 0 1194.3909
F006 169 R 180 1 1 0 1459.2195
F006 170 F 120 0 0 0 641.3561
F006 171 R 90 0 0 0 677.1869
F006 172 G 30 1 1 0 784.5617
F006 173 F 180 1 1 0 1391.6495
F006 174 F 90 1 1 0 1388.7829
F006 175 L 150 1 1 0 916.7442
F006 176 L 60 1 1 0 780.1634
F006 177 L 0 1 1 0 616.7633
F006 178 L 30 0 0 0 552.6205
F006 179 F 0 1 1 0 576.3168
F006 180 G 180 0 1 1 1043.3044
F006 181 R 150 1 1 0 1491.5591
F006 182 R 90 1 1 0 1283.3399
F006 183 L 150 0 0 0 1396.2677
F006 184 G 120 1 1 0 1068.8398
F006 185 G 0 0 0 0 957.4264
F006 186 L 120 0 0 0 768.7167
F006 187 L 30 1 1 0 579.729
F006 188 R 30 1 1 0 783.8991
F006 189 F 150 1 1 0 856.9774
F006 190 F 120 0 0 0 673.3697
F006 191 F 0 0 0 0 600.6716
F006 192 F 150 0 0 0 1263.6232
F006 193 G 90 0 0 0 637.4517
F006 194 F 60 0 0 0 585.3026
F006 195 R 60 0 0 0 539.5348
F006 196 R 150 0 0 0 707.4486
F006 197 G 180 0 0 0 1404.3324
F006 198 L 90 1 1 0 966.0429
F006 199 L 150 0 0 0 1204.8294
F006 200 G 120 1 1 0 1453.4847
F006 201 R 90 0 0 0 1173.1184
F006 202 L 180 1 1 0 1475.9686
F006 203 G 150 0 0 0 1299.1274
F006 204 L 30 0 0 0 710.3939
F006 205 G 30 0 0 0 547.7632
F006 206 R 30 0 0 0 623.9494
F006 207 R 120 1 1 0 717.3138
F006 208 R 0 0 0 0 499.8873
F006 209 G 60 0 0 0 489.8882
F006 210 F 90 0 0 0 553.2052
F006 211 R 120 0 0 0 699.5166
F006 212 L 120 1 1 0 772.2375
F006 213 L 120 1 1 0 619.3689
F006 214 R 180 0 0 0 1328.4621
F006 215 F 30 1 1 0 1188.5944
F006 216 F 150 0 0 0 885.4307
F006 217 R 60 1 1 0 981.9779
F006 218 F 30 0 0 0 704.6898
F006 219 L 60 1 1 0 606.457
F006 220 L 90 1 1 0 729.053
F006 221 R 0 1 1 0 684.011
F006 222 R 0 0 0 0 667.6857
F006 223 L 180 0 1 1 629.099
F006 224 L 180 1 1 0 1457.1559
F006 225 R 60 0 0 0 579.4183
F006 226 F 30 1 1 0 560.9319
F006 227 R 120 1 1 0 789.1685
F006 228 G 0 1 1 0 669.0644
F006 229 F 150 1 1 0 727.7333
F006 230 G 90 0 0 0 608.1089
F006 231 G 150 1 1 0 853.0942
F006 232 G 60 1 1 0 556.1905
F006 233 F 180 0 0 0 1056.5985
F006 234 F 60 1 1 0 542.2147
F006 235 G 180 1 1 0 1433.1157
F006 236 G 90 1 1 0 796.4962
F006 237 L 0 0 0 0 678.6935
F006 238 G 180 1 1 0 1264.3708
F006 239 G 30 0 0 0 570.6292
