L004 103 F 30 0 1 1 1061.8989
L004 104 G 60 1 0 1 1180.3011
L004 105 F 30 1 1 0 1097.264
L004 106 L 150 0 0 0 1037.6981
L004 107 F 60 0 0 0 839.1047
L004 108 R 60 1 1 0 881.726
L004 109 L 60 1 1 0 990.586
L004 110 G 30 1 9997 1 2000.0388
L004 111 G 120 0 0 0 937.9418
L004 112 R 60 0 0 0 747.1966
L004 113 G 0 1 0 1 1931.1248
L004 114 G 60 0 0 0 1087.1345
L004 115 R 150 1 1 0 1611.8889
L004 116 F 0 0 0 0 798.3375
L004 117 F 90 0 0 0 675.0442
L004 118 R 180 1 9997 1 2000.0394
L004 119 F 60 1 1 0 794.525
L004 120 R 0 0 0 0 578.6481
L004 121 F 150 1 1 0 1286.0688
L004 122 G 90 1 9997 1 2000.0383
L004 123 L 30 0 0 0 839.6327
L004 124 L 0 1 1 0 837.7783
L004 125 G 30 0 0 0 827.7915
L004 126 L 150 1 1 0 1493.8499
L004 127 F 180 0 0 0 1277.1268
L004 128 F 90 0 0 0 606.5078
L004 129 R 150 1 1 0 1159.2311
L004 130 L 60 0 0 0 710.292
L004 131 L 180 1 1 0 1195.0591
L004 132 L 90 0 0 0 693.7203
L004 133 L 180 0 0 0 837.4606
L004 134 F 180 1 1 0 1035.1679
L004 135 F 90 1 1 0 948.9932
L004 136 G 120 0 0 0 883.2243
L004 137 G 150 1 1 0 1941.335
L004 138 G 90 0 0 0 728.0096
L004 139 G 60 0 0 0 638.0372
L004 140 R 0 1 1 0 577.315
L004 141 L 90 0 0 0 631.592
L004 142 L 30 1 1 0 810.2535
L004 143 G 180 0 0 0 1100.8324
L004 144 F 180 0 0 0 1199.4024
L004 145 L 150 0 0 0 1100.577
L004 146 G 150 1 1 0 1803.037
L004 147 R 120 0 0 0 778.8222
L004 148 F 60 1 1 0 659.8945
L004 149 L 120 1 1 0 715.337
L004 150 F 150 0 0 0 819.5215
L004 151 G 0 1 1 0 1160.7115
L004 152 L 90 1 1 0 789.1511
L004 153 R 60 1 1 0 819.4245
L004 154 L 120 0 0 0 731.9908
L004 155 F 120 1 1 0 1138.7308
L004 156 R 180 0 0 0 1322.6469
L004 157 R 90 0 0 0 596.9608
L004 158 R 120 1 1 0 1143.4847
L004 159 L 0 0 0 0 670.4567
L004 160 R 150 0 0 0 1094.4411
L004 161 F 120 0 0 0 598.0095
L004 162 G 0 0 0 0 1088.4255
L004 163 G 180 1 1 0 857.5825
L004 164 R 90 1 1 0 1368.7122
L004 165 L 150 1 1 0 1084.9482
L004 166 G 150 0 0 0 751.8313
L004 167 F 90 1 1 0 786.2273
L004 168 R 30 1 1 0 648.0022
L004 169 L 0 0 0 0 609.5602
L004 170 F 0 0 0 0 761.0858
L004 171 F 180 1 1 0 1116.0994
L004 172 G 30 0 0 0 611.2958
L004 173 G 0 0 0 0 874.067
L004 174 L 30 0 0 0 968.2278
L004 175 R 120 1 1 0 755.3686
L004 176 R 150 0 0 0 811.3618
L004 177 G 120 1 1 0 1257.5752
L004 178 F 150 1 1 0 1747.8034
L004 179 F 120 0 0 0 685.403
L004 180 L 60 1 1 0 696.4732
L004 181 L 120 1 1 0 1011.7775
L004 182 R 0 1 1 0 681.4746
L004 183 G 30 1 1 0 1106.8066
L004 184 G 120 1 1 0 885.2111
L004 185 R 120 0 0 0 747.407
L004 186 R 180 1 1 0 913.7603
L004 187 L 120 0 0 0 674.21
L004 188 F 0 1 1 0 631.1858
L004 189 F 30 1 1 0 641.4106
L004 190 R 30 0 0 0 591.5872
L004 191 F 120 1 1 0 655.6286
L004 192 R 90 0 0 0 634.0722
L004 193 G 180 1 1 0 1372.1344
L004 194 F 60 0 0 0 510.49
L004 195 G 90 1 1 0 1139.2568
L004 196 R 30 0 0 0 507.9604
L004 197 L 0 1 1 0 928.149
L004 198 G 90 0 0 0 683.1731
L004 199 L 60 0 0 0 574.3168
L004 200 F 30 0 0 0 569.4137
L004 201 R 30 1 1 0 573.9076
L004 202 R 0 0 0 0 516.1036
L004 203 L 180 1 1 0 584.7103
L004 204 L 90 1 1 0 697.7535
L004 205 F 150 0 0 0 845.0862
L004 206 G 180 0 0 0 1059.9423
L004 207 G 60 1 1 0 1078.86
L004 208 R 60 0 0 0 631.8845
L004 209 G 150 0 0 0 711.7407
L004 210 L 180 0 0 0 977.6427
L004 211 L 30 1 1 0 803.1023
L004 212 F 0 1 1 0 889.058
L004 213 R 180 0 0 0 730.8367
L004 214 R 90 1 1 0 678.6357
L004 215 G 180 1 1 0 1277.0517
L004 216 R 150 0 0 0 682.6477
L004 217 F 0 1 1 0 668.7816
L004 218 G 60 1 0 1 947.5347
L004 219 F 120 0 0 0 723.3877
L004 220 R 120 0 0 0 610.1085
L004 221 G 60 0 0 0 1052.2052
L004 222 G 30 1 1 0 1633.2299
L004 223 G 120 0 0 0 692.9104
L004 224 G 30 0 0 0 660.3878
L004 225 G 0 0 0 0 1197.0907
L004 226 F 90 0 0 0 664.2587
L004 227 F 150 1 1 0 1526.4691
L004 228 G 150 0 0 0 721.0523
L004 229 L 180 0 0 0 1722.0406
L004 230 L 0 1 1 0 807.5205
L004 231 L 120 0 0 0 652.731
L004 232 F 90 1 1 0 748.1409
L004 233 G 90 1 0 1 1684.6652
L004 234 F 120 0 0 0 699.4087
L004 235 L 120 0 0 0 605.1331
L004 236 F 0 1 1 0 681.9995
L004 237 G 90 0 0 0 624.5621
L004 238 L 60 1 1 0 759.6586
L004 239 G 120 0 0 0 520.679
L004 240 R 90 0 0 0 1093.5619
L004 241 G 180 0 0 0 895.5613
L004 242 R 0 1 1 0 651.587
L004 243 L 30 1 1 0 709.6536
L004 244 G 120 1 1 0 988.7159
L004 245 L 180 0 0 0 1469.625
L004 246 R 120 0 0 0 569.916
L004 247 R 120 1 1 0 698.1329
L004 248 R 30 1 1 0 611.4439
L004 249 F 180 1 1 0 1255.2517
L004 250 R 150 1 1 0 824.4894
L004 251 F 120 1 1 0 739.8801
L004 252 F 30 0 0 0 556.2218
L004 253 R 30 0 0 0 810.4642
L004 254 F 30 1 1 0 775.7075
L004 255 L 90 0 0 0 631.1517
L004 256 L 0 0 0 0 639.7794
L004 257 G 180 1 1 0 1064.4546
L004 258 F 0 0 0 0 508.2395
L004 259 L 150 1 1 0 911.8665
L004 260 L 120 1 1 0 621.6413
L004 261 F 90 1 1 0 1035.2117
L004 262 R 90 1 1 0 612.622
L004 263 L 150 1 1 0 952.8211
L004 264 G 30 0 0 0 600.5911
L004 265 R 0 1 1 0 649.8027
L004 266 L 60 0 0 0 584.6559
L004 267 R 180 1 1 0 1168.5332
L004 268 G 120 1 1 0 956.1025
L004 269 L 180 1 1 0 953.098
L004 270 R 90 1 1 0 676.7584
L004 271 R 0 0 0 0 541.8789
L004 272 F 60 1 1 0 631.3735
L004 273 R 120 1 1 0 883.6168
L004 274 G 60 1 0 1 1029.0056
L004 275 G 150 1 1 0 1910.8985
L004 276 L 30 1 1 0 867.8829
L004 277 F 60 1 1 0 652.4935
L004 278 L 90 1 1 0 604.7034
L004 279 F 180 0 0 0 1072.0248
L004 280 R 90 0 0 0 1900.0216
L004 281 G 0 1 1 0 1670.1106
L004 282 R 150 0 0 0 788.1474
L004 283 R 60 1 1 0 602.9074
L004 284 L 150 0 0 0 855.5283
L004 285 R 180 0 1 1 1004.933
L004 286 G 180 0 0 0 1176.8116
L004 287 F 150 0 0 0 836.4876
L004 288 R 60 1 1 0 589.5266
L004 289 L 90 1 1 0 626.911
L004 290 R 180 0 0 0 1366.0094
L004 291 L 0 1 1 0 1382.3997
L004 292 F 180 1 1 0 1501.792
L004 293 R 30 0 0 0 547.2534
L004 294 F 0 0 0 0 535.5072
L004 295 F 150 0 0 0 682.4594
L004 296 L 0 0 0 0 912.9093
L004 297 R 60 0 0 0 569.8822
L004 298 L 90 0 0 0 680.2314
L004 299 R 30 1 1 0 653.302
L004 300 L 60 1 1 0 621.4466
L004 301 G 90 1 1 0 1337.0434
L004 302 L 30 0 0 0 595.2379
L004 303 R 60 0 0 0 513.0839
L004 304 R 0 0 0 0 497.8074
L004 305 G 0 1 1 0 1366.565
L004 306 L 30 0 0 0 558.2953
L004 307 G 150 0 0 0 809.3087
L004 308 L 150 0 0 0 1061.4355
L004 309 L 180 1 1 0 898.9528
L004 310 F 90 0 0 0 610.8195
L004 311 F 180 0 0 0 764.8508
L004 312 F 120 1 1 0 734.2369
L004 313 L 60 0 0 0 558.0137
L004 314 F 60 0 0 0 515.7572
L004 315 F 150 1 1 0 1017.0133
L004 316 G 90 0 0 0 582.7576
L004 317 G 150 1 1 0 1164.5637
L004 318 G 0 0 0 0 664.0294
L004 319 F 30 0 0 0 499.7895
L004 320 L 120 1 1 0 880.1627
L004 321 G 60 0 0 0 553.0222
L004 322 G 30 1 0 1 1803.7633
L004 323 R 150 1 1 0 1753.1862
L004 324 F 60 0 0 0 530.8323
L004 325 R 180 1 1 0 1238.9161
L004 326 F 30 1 1 0 603.6105
