H005 19 R 0 1 1 0 713.6731
H005 20 F 180 1 1 0 593.4075
H005 21 G 120 0 0 0 709.8416
H005 22 L 120 0 0 0 774.2356
H005 23 R 150 0 0 0 643.0161
H005 24 G 120 0 0 0 584.2407
H005 25 G 90 1 1 0 657.2151
H005 26 L 90 0 0 0 482.3876
H005 27 F 120 0 0 0 557.5217
H005 28 F 30 0 0 0 483.9562
H005 29 G 180 1 1 0 691.2451
H005 30 G 120 1 1 0 568.1155
H005 31 L 150 0 0 0 756.5093
H005 32 L 90 1 1 0 920.9017
H005 33 L 0 0 0 0 474.3374
H005 34 L 30 1 1 0 748.6686
H005 35 F 120 1 1 0 824.823
H005 36 R 120 0 0 0 664.8915
H005 37 R 120 0 0 0 526.5856
H005 38 R 60 0 0 0 463.8902
H005 39 F 60 0 0 0 574.0738
H005 40 F 180 0 0 0 811.1525
H005 41 L 150 1 1 0 563.4311
H005 42 L 60 0 0 0 556.1553
H005 43 R 90 1 1 0 589.8618
H005 44 F 150 0 0 0 580.1506
H005 45 G 150 0 0 0 529.0318
H005 46 F 90 1 1 0 803.7248
H005 47 L 30 0 0 0 429.1981
H005 48 R 150 1 1 0 552.7208
H005 49 L 0 1 1 0 585.4621
H005 50 L 150 1 1 0 569.0324
H005 51 R 30 0 0 0 511.9581
H005 52 L 90 1 1 0 428.2441
H005 53 G 0 0 0 0 468.6749
H005 54 F 90 0 0 0 517.9988
H005 55 L 60 0 0 0 514.94
H005 56 R 60 0 0 0 588.8813
H005 57 G 90 0 0 0 488.0098
H005 58 R 0 1 1 0 698.5787
H005 59 F 30 1 1 0 503.1047
H005 60 F 60 1 1 0 454.4776
H005 61 G 60 1 1 0 597.6391
H005 62 F 180 1 1 0 754.2811
H005 63 F 120 1 1 0 753.0474
H005 64 G 60 1 1 0 1264.2727
H005 65 G 30 0 0 0 557.2032
H005 66 F 150 1 1 0 785.2965
H005 67 R 180 0 0 0 907.7897
H005 68 L 60 1 1 0 812.7058
H005 69 G 0 1 1 0 694.8676
H005 70 F 60 1 1 0 655.1246
H005 71 L 120 1 1 0 772.0087
H005 72 R 180 1 1 0 1041.8006
H005 73 L 30 0 0 0 558.9456
H005 74 R 120 1 1 0 649.898
H005 75 G 180 0 0 0 874.2888
H005 76 R 60 1 1 0 587.977
H005 77 G 150 1 1 0 621.9419
H005 78 L 120 0 0 0 588.9964
H005 79 G 60 0 0 0 480.6108
H005 80 L 90 0 0 0 556.9889
H005 81 R 30 1 1 0 614.3619
H005 82 L 150 0 0 0 502.0549
H005 83 F 150 1 1 0 603.7675
H005 84 R 0 0 0 0 424.1992
H005 85 F 0 0 0 0 398.3615
H005 86 R 150 0 0 0 483.3695
H005 87 G 30 1 1 0 564.9145
H005 88 G 60 0 0 0 500.6265
H005 89 G 180 0 0 0 860.3336
H005 90 F 30 1 1 0 570.301
H005 91 G 0 0 0 0 435.0684
H005 92 F 0 1 1 0 685.3893
H005 93 F 90 1 1 0 623.3519
H005 94 R 90 1 1 0 655.6909
H005 95 F 150 0 0 0 583.7376
H005 96 L 180 0 1 1 759.2859
H005 97 G 150 1 1 0 632.9704
H005 98 L 180 0 1 1 462.3001
H005 99 R 60 1 1 0 615.4648
H005 100 L 0 0 0 0 542.9444
H005 101 L 60 1 1 0 615.5134
H005 102 R 120 1 1 0 536.1614
H005 103 L 30 1 1 0 551.0684
H005 104 F 0 0 0 0 510.9314
H005 105 L 180 1 1 0 549.683
H005 106 G 120 1 1 0 540.8794
H005 107 G 30 0 0 0 524.8575
H005 108 R 90 0 1 1 718.7154
H005 109 F 30 0 0 0 553.3818
H005 110 F 180 0 1 1 503.4467
H005 111 L 180 1 1 0 1164.0312
H005 112 F 0 1 1 0 683.9621
H005 113 G 90 1 1 0 673.0112
H005 114 R 90 0 0 0 623.1636
H005 115 R 30 0 0 0 461.7095
H005 116 G 0 1 1 0 699.5722
H005 117 R 180 0 0 0 596.2135
H005 118 F 60 0 0 0 498.3798
H005 119 F 90 0 0 0 475.3149
H005 120 G 180 1 1 0 820.6736
H005 121 R 0 0 0 0 526.4647
H005 122 L 120 1 1 0 620.8753
H005 123 R 30 1 1 0 511.6533
H005 124 R 180 1 1 0 808.7095
H005 125 R 150 1 1 0 697.8923
H005 126 G 30 1 1 0 886.385
H005 127 F 120 0 0 0 910.7532
H005 128 G 150 0 0 0 629.2702
H005 129 L 0 1 1 0 752.042
H005 130 G 90 0 0 0 693.4373
H005 131 R 30 1 1 0 1003.6563
H005 132 L 60 1 1 0 833.1252
H005 133 F 150 1 1 0 823.7846
H005 134 L 120 1 1 0 490.521
H005 135 R 90 1 1 0 541.3512
H005 136 L 30 0 0 0 613.5838
H005 137 R 180 1 1 0 949.0768
H005 138 F 0 0 0 0 559.3191
H005 139 G 60 0 0 0 510.6643
H005 140 F 120 1 1 0 551.2625
H005 141 L 150 1 1 0 628.3137
H005 142 R 180 0 0 0 744.3284
H005 143 R 150 1 1 0 814.2147
H005 144 F 0 1 1 0 735.2082
H005 145 R 30 0 0 0 565.3621
H005 146 R 0 1 1 0 859.6425
H005 147 L 180 1 1 0 637.5905
H005 148 L 150 0 0 0 734.5962
H005 149 F 60 0 0 0 602.8342
H005 150 F 0 0 0 0 818.589
H005 151 R 150 0 0 0 816.04
H005 152 F 120 0 0 0 523.426
H005 153 L 30 0 0 0 775.9467
H005 154 L 0 1 1 0 727.1673
H005 155 R 120 0 0 0 620.1383
H005 156 G 30 1 1 0 673.1174
H005 157 G 30 0 0 0 645.0708
H005 158 G 0 0 0 0 374.1448
H005 159 R 0 0 0 0 402.6442
H005 160 R 30 0 0 0 443.4586
H005 161 G 150 1 1 0 662.2107
H005 162 L 150 0 0 0 648.8213
H005 163 L 60 1 1 0 548.7424
H005 164 R 0 1 1 0 652.2606
H005 165 G 90 1 1 0 631.1397
H005 166 F 150 1 1 0 943.6814
H005 167 R 60 1 1 0 596.8912
H005 168 R 90 0 0 0 588.0784
H005 169 L 180 0 1 1 716.9492
H005 170 F 90 0 0 0 632.3684
H005 171 G 60 1 1 0 630.6047
H005 172 R 150 1 1 0 686.1721
H005 173 R 180 1 1 0 763.7071
H005 174 F 180 1 1 0 859.5453
H005 175 G 0 1 1 0 1411.5277
H005 176 G 120 0 0 0 686.1375
H005 177 L 90 1 1 0 705.6729
H005 178 F 30 0 0 0 561.4258
H005 179 L 180 1 1 0 719.5887
H005 180 L 120 0 0 0 891.0998
H005 181 G 180 0 1 1 850.2916
H005 182 F 90 0 0 0 552.5409
H005 183 F 30 1 1 0 872.8176
H005 184 L 0 0 0 0 543.4079
H005 185 L 120 1 1 0 801.4776
H005 186 R 90 1 1 0 1271.0562
H005 187 F 30 0 0 0 916.7523
H005 188 L 30 1 1 0 835.9236
H005 189 G 150 0 0 0 921.8113
H005 190 G 120 1 1 0 1754.7887
H005 191 L 60 0 0 0 600.1964
H005 192 L 30 1 1 0 964.99
H005 193 G 30 1 1 0 713.7374
H005 194 R 90 0 0 0 591.8886
H005 195 F 150 0 0 0 679.6545
H005 196 G 30 0 0 0 541.9627
H005 197 L 180 0 0 0 784.919
H005 198 G 60 1 1 0 675.8596
H005 199 F 180 1 0 1 443.2376
H005 200 G 180 1 1 0 837.745
H005 201 L 60 0 0 0 511.2926
H005 202 G 90 0 0 0 634.9466
H005 203 F 90 1 1 0 693.3269
H005 204 F 0 1 1 0 1373.5578
H005 205 R 150 0 0 0 610.6396
H005 206 F 90 1 1 0 716.2787
H005 207 L 150 1 1 0 683.2877
H005 208 G 120 0 0 0 831.2638
H005 209 G 90 1 1 0 844.0394
H005 210 F 30 1 1 0 577.7745
H005 211 G 180 1 1 0 657.6646
H005 212 F 150 0 0 0 640.963
H005 213 L 90 0 0 0 608.5273
H005 214 L 90 0 0 0 509.082
H005 215 F 180 0 0 0 1495.6395
H005 216 R 120 0 0 0 602.4537
H005 217 R 60 0 0 0 752.4959
H005 218 R 120 1 1 0 1219.1373
H005 219 G 180 0 0 0 1419.0105
H005 220 G 150 1 1 0 1154.328
H005 221 R 180 0 0 0 578.8588
H005 222 L 120 0 0 0 545.1933
H005 223 G 0 0 0 0 617.4698
H005 224 L 0 0 0 0 526.589
H005 225 F 120 0 0 0 580.5031
H005 226 R 30 1 1 0 811.2551
H005 227 F 60 1 1 0 779.8801
H005 228 G 150 0 0 0 604.4595
H005 229 G 120 1 1 0 619.9467
H005 230 L 0 1 1 0 821.263
H005 231 G 0 1 1 0 618.547
H005 232 F 120 1 1 0 772.2685
H005 233 L 90 1 1 0 607.2409
H005 234 R 60 0 0 0 547.5975
H005 235 R 60 1 1 0 661.8604
H005 236 G 90 0 0 0 602.3341
H005 237 F 60 1 1 0 804.3858
H005 238 F 60 0 0 0 473.9301
H005 239 R 120 1 1 0 557.991
H005 240 G 60 0 0 0 426.752
H005 241 R 0 0 0 0 452.267
H005 242 F 180 0 0 0 936.3246
