h001 19 R 60 1 1 0 1204.7442
h001 20 R 150 0 0 0 854.7651
h001 21 L 150 1 1 0 1364.9134
h001 22 L 90 1 1 0 981.0713
h001 23 G 30 0 0 0 776.1288
h001 24 R 180 1 0 1 1198.9624
h001 25 F 0 1 1 0 1114.0751
h001 26 L 30 0 1 1 1200.1833
h001 27 L 120 1 1 0 1365.8113
h001 28 L 0 0 0 0 1075.0905
h001 29 G 120 1 1 0 1054.4695
h001 30 L 90 0 0 0 1128.0171
h001 31 F 150 0 0 0 1090.5827
h001 32 F 180 1 1 0 868.0304
h001 33 L 180 0 0 0 1224.9875
h001 34 G 120 1 1 0 748.1448
h001 35 F 180 1 1 0 1382.0974
h001 36 L 60 1 1 0 863.7332
h001 37 R 0 0 0 0 649.2015
h001 38 G 60 1 1 0 1442.1012
h001 39 G 90 1 1 0 1340.9735
h001 40 F 150 1 1 0 958.3835
h001 41 R 150 0 0 0 1105.5039
h001 42 G 120 0 0 0 949.7584
h001 43 R 180 0 0 0 1460.5898
h001 44 G 30 1 1 0 954.9001
h001 45 G 30 1 1 0 851.8102
h001 46 L 0 0 0 0 666.4249
h001 47 R 90 0 0 0 755.2315
h001 48 R 180 0 0 0 1082.5571
h001 49 G 30 0 0 0 909.2399
h001 50 L 120 0 0 0 920.4466
h001 51 G 60 0 0 0 653.8809
h001 52 L 60 0 0 0 738.6366
h001 53 G 180 1 1 0 829.3624
h001 54 R 30 0 0 0 583.3051
h001 55 L 180 0 0 0 899.0383
h001 56 R 120 0 0 0 664.8429
h001 57 G 90 1 1 0 712.1696
h001 58 F 90 1 1 0 1117.4155
h001 59 F 60 1 1 0 925.9182
h001 60 R 120 1 1 0 1194.2942
h001 61 G 0 1 1 0 864.019
h001 62 G 90 0 0 0 824.5028
h001 63 L 30 1 1 0 1158.9034
h001 64 L 90 0 0 0 782.678
h001 65 R 60 0 0 0 761.0934
h001 66 G 0 1 1 0 868.7425
h001 67 G 180 0 1 1 1043.0326
h001 68 L 180 1 1 0 1520.5773
h001 69 R 150 1 1 0 1200.0061
h001 70 L 90 1 1 0 1082.9077
h001 71 R 60 0 0 0 732.0076
h001 72 F 30 1 1 0 814.1051
h001 73 R 30 1 1 0 837.1519
h001 74 R 30 1 1 0 811.8948
h001 75 R 0 1 1 0 816.979
h001 76 L 60 1 1 0 1128.7169
h001 77 R 90 1 1 0 1037.3961
h001 78 R 60 1 1 0 812.8818
h001 79 L 150 0 0 0 966.6343
h001 80 F 150 1 1 0 897.9032
h001 81 F 0 0 0 0 1245.1602
h001 82 G 90 0 0 0 1042.6339
h001 83 L 120 0 0 0 775.2178
h001 84 R 150 1 1 0 699.7032
h001 85 F 60 0 0 0 667.4021
h001 86 R 120 0 0 0 624.8026
h001 87 G 0 0 0 0 680.9416
h001 88 R 90 0 0 0 647.9315
h001 89 F 30 0 0 0 652.2399
h001 90 L 120 1 1 0 715.57
h001 91 L 180 1 1 0 802.1142
h001 92 G 60 0 0 0 581.1362
h001 93 F 120 0 0 0 584.524
h001 94 F 90 0 0 0 576.1648
h001 95 L 150 0 0 0 702.4823
h001 96 L 60 0 0 0 598.5289
h001 97 G 150 1 1 0 663.9718
h001 98 F 60 1 1 0 697.5875
h001 99 G 60 1 1 0 1146.1362
h001 100 F 0 1 1 0 658.3979
h001 101 F 90 0 0 0 530.8546
h001 102 F 0 0 0 0 546.7823
h001 103 F 150 0 0 0 618.7021
h001 104 R 0 1 1 0 583.7848
h001 105 L 30 0 0 0 497.6945
h001 106 G 0 0 0 0 503.1528
h001 107 G 150 0 0 0 748.6049
h001 108 F 120 1 1 0 745.1059
h001 109 L 0 1 1 0 722.75
h001 110 F 120 1 1 0 588.1619
h001 111 F 180 0 1 1 638.8728
h001 112 L 150 1 1 0 1312.5936
h001 113 F 30 0 0 0 585.2738
h001 114 G 150 0 0 0 880.3381
h001 115 L 30 1 1 0 640.2825
h001 116 R 30 0 0 0 614.1993
h001 117 G 150 1 1 0 1268.3397
h001 118 G 180 1 1 0 1107.6209
h001 119 F 120 0 0 0 626.8266
h001 120 R 90 1 1 0 984.8931
h001 121 G 120 0 0 0 759.4303
h001 122 R 180 1 1 0 894.5763
h001 123 R 120 1 1 0 599.7061
h001 124 G 180 0 0 0 878.2714
h001 125 F 180 0 0 0 635.3383
h001 126 F 60 0 0 0 553.3474
h001 127 F 90 1 1 0 685.3273
h001 128 R 0 0 0 0 410.3946
h001 129 L 0 1 1 0 593.9073
h001 130 F 30 1 1 0 624.9576
h001 131 F 120 0 0 0 925.5106
h001 132 F 150 0 0 0 583.4295
h001 133 F 180 1 1 0 682.5013
h001 134 G 180 0 0 0 865.7173
h001 135 L 60 1 1 0 597.8201
h001 136 R 90 1 1 0 786.9084
h001 137 R 60 1 1 0 566.4619
h001 138 L 60 1 1 0 756.7252
h001 139 F 30 0 0 0 550.0395
h001 140 L 60 0 0 0 537.1152
h001 141 R 180 1 1 0 1367.2548
h001 142 G 60 0 0 0 541.587
h001 143 L 150 1 1 0 679.0355
h001 144 F 60 0 0 0 693.3666
h001 145 R 0 0 0 0 602.4048
h001 146 R 120 1 1 0 636.2052
h001 147 G 30 1 1 0 771.9657
h001 148 G 0 0 0 0 598.2188
h001 149 L 90 0 0 0 544.2549
h001 150 L 30 1 1 0 510.9216
h001 151 F 120 1 1 0 583.0244
h001 152 L 150 0 0 0 725.0561
h001 153 L 90 0 0 0 538.5486
h001 154 R 180 0 1 1 670.3307
h001 155 G 120 0 0 0 790.1543
h001 156 R 0 1 1 0 562.2396
h001 157 G 60 0 0 0 481.6034
h001 158 L 150 0 0 0 585.6384
h001 159 R 150 0 0 0 639.5221
h001 160 G 90 0 0 0 628.9428
h001 161 F 0 1 1 0 621.4502
h001 162 L 30 0 0 0 467.9751
h001 163 L 180 0 0 0 585.3769
h001 164 L 120 1 1 0 621.6304
h001 165 F 30 1 1 0 677.3953
h001 166 R 0 1 1 0 600.107
h001 167 F 90 1 1 0 729.6897
h001 168 G 150 1 1 0 727.8704
h001 169 R 150 0 0 0 639.6928
h001 170 L 180 1 1 0 726.5398
h001 171 L 180 1 1 0 730.4691
h001 172 G 0 0 0 0 512.9314
h001 173 F 0 1 1 0 555.5038
h001 174 G 120 1 1 0 612.5957
h001 175 F 150 1 1 0 877.5269
h001 176 R 60 1 1 0 772.4024
h001 177 R 60 0 0 0 589.6713
h001 178 R 150 1 1 0 1021.386
h001 179 R 30 0 0 0 533.6684
h001 180 F 30 0 0 0 511.9315
h001 181 R 120 1 1 0 720.8109
h001 182 G 150 0 0 0 774.7127
h001 183 L 180 0 0 0 842.266
h001 184 G 0 1 1 0 571.6774
h001 185 R 90 1 1 0 591.5112
h001 186 L 120 0 0 0 505.3215
h001 187 R 30 1 1 0 585.088
h001 188 R 120 0 0 0 571.4243
h001 189 F 120 0 0 0 636.6192
h001 190 L 0 1 1 0 588.5402
h001 191 F 0 0 0 0 512.9062
h001 192 R 30 0 0 0 484.3794
h001 193 R 180 1 1 0 747.9328
h001 194 G 90 1 1 0 782.2558
h001 195 L 30 1 1 0 871.3736
h001 196 R 30 1 1 0 493.4175
h001 197 L 0 0 0 0 443.389
h001 198 R 120 0 0 0 697.9909
h001 199 L 0 1 1 0 511.9377
h001 200 G 180 1 1 0 493.4163
h001 201 F 90 1 1 0 522.075
h001 202 F 60 0 0 0 427.0492
h001 203 F 30 1 1 0 485.3631
h001 204 L 30 0 0 0 410.869
h001 205 F 0 0 0 0 431.3836
h001 206 L 0 0 0 0 436.5887
h001 207 F 180 1 1 0 473.1752
h001 208 G 30 1 1 0 541.1358
h001 209 F 90 0 0 0 564.5813
h001 210 G 180 0 1 1 507.343
h001 211 F 90 0 0 0 553.3578
h001 212 F 180 0 1 1 672.3771
h001 213 R 150 1 1 0 707.8039
h001 214 F 120 1 1 0 692.4439
h001 215 G 120 0 0 0 613.9912
h001 216 G 60 1 1 0 711.8852
h001 217 R 180 0 0 0 653.4506
h001 218 R 90 0 0 0 547.8789
h001 219 G 30 0 0 0 500.099
h001 220 F 150 0 0 0 694.545
h001 221 G 30 0 0 0 495.5655
h001 222 G 90 1 1 0 605.3127
h001 223 L 60 0 0 0 593.7176
h001 224 F 180 0 0 0 767.3771
h001 225 R 60 0 0 0 526.9692
h001 226 L 90 1 1 0 596.706
h001 227 G 150 1 1 0 1083.2416
h001 228 F 60 1 1 0 644.5992
h001 229 G 120 1 1 0 1006.0136
h001 230 F 60 1 1 0 596.9454
h001 231 G 0 1 1 0 625.2926
h001 232 F 150 1 1 0 941.4512
h001 233 G 150 0 0 0 846.5565
h001 234 G 60 1 1 0 663.5667
h001 235 L 120 0 0 0 579.7097
h001 236 L 150 1 1 0 559.1057
h001 237 L 120 1 1 0 528.8315
h001 238 R 90 0 0 0 495.211
h001 239 G 180 1 1 0 1103.7576
h001 240 L 90 1 1 0 550.1833
h001 241 R 0 0 0 0 491.5158
h001 242 G 90 0 0 0 854.7156
