D001 19 R 90 0 0 0 1399.6278
D001 20 R 180 0 0 0 1258.2925
D001 21 G 30 0 0 0 778.2066
D001 22 G 0 1 1 0 766.8207
D001 23 G 60 0 0 0 689.8157
D001 24 L 120 0 0 0 778.2501
D001 25 R 30 1 1 0 1302.7165
D001 26 R 30 0 0 0 496.2942
D001 27 F 150 0 0 0 752.4451
D001 28 F 60 1 1 0 859.4702
D001 29 L 150 1 1 0 1051.4369
D001 30 L 60 0 0 0 514.5335
D001 31 L 150 1 1 0 950.534
D001 32 G 180 0 0 0 1657.7039
D001 33 G 90 1 0 1 1954.8242
D001 34 L 120 0 0 0 668.7606
D001 35 G 120 1 1 0 1317.0329
D001 36 R 0 1 1 0 617.9261
D001 37 R 150 0 0 0 962.6654
D001 38 L 60 1 1 0 898.0437
D001 39 F 30 0 0 0 1111.421
D001 40 R 150 1 1 0 978.8137
D001 41 L 90 1 0 1 1198.2184
D001 42 F 0 1 1 0 910.9529
D001 43 R 60 1 1 0 1259.6641
D001 44 F 30 1 9997 1 2000.0355
D001 45 F 180 0 0 0 1213.0227
D001 46 R 0 0 0 0 684.3451
D001 47 R 90 1 1 0 734.6583
D001 48 F 150 1 1 0 1730.8064
D001 49 G 120 0 0 0 686.9201
D001 50 F 180 0 0 0 994.7457
D001 51 G 180 1 1 0 1372.9898
D001 52 F 120 1 0 1 838.5476
D001 53 L 180 1 1 0 1084.7648
D001 54 G 90 0 0 0 704.7156
D001 55 G 0 0 0 0 450.7386
D001 56 F 180 1 1 0 1002.3342
D001 57 F 180 1 1 0 856.8746
D001 58 R 90 1 1 0 1702.2314
D001 59 R 150 0 0 0 665.0208
D001 60 G 120 0 0 0 519.2066
D001 61 L 60 0 0 0 468.7031
D001 62 L 60 1 1 0 651.4301
D001 63 R 90 0 0 0 542.8621
D001 64 R 0 0 0 0 540.5571
D001 65 G 180 1 1 0 973.0201
D001 66 G 60 1 1 0 932.2876
D001 67 L 30 1 1 0 616.1952
D001 68 R 120 1 1 0 725.2133
D001 69 L 0 0 0 0 371.6134
D001 70 R 30 1 1 0 546.7867
D001 71 R 60 0 0 0 483.6961
D001 72 L 180 0 1 1 821.3594
D001 73 G 60 0 0 0 579.6692
D001 74 L 180 0 1 1 1352.7155
D001 75 G 150 1 1 0 793.135
D001 76 G 150 0 0 0 785.6751
D001 77 R 60 1 1 0 817.4522
D001 78 F 150 1 1 0 626.9605
D001 79 G 90 1 1 0 1362.6185
D001 80 F 0 0 0 0 411.6186
D001 81 F 60 0 0 0 436.3583
D001 82 L 90 0 0 0 652.4977
D001 83 R 180 1 1 0 1283.7176
D001 84 G 150 1 1 0 684.3845
D001 85 R 120 0 0 0 598.7321
D001 86 R 180 1 0 1 447.2254
D001 87 G 60 1 1 0 1420.9475
D001 88 G 30 1 1 0 440.695
D001 89 R 0 1 1 0 547.6553
D001 90 L 120 1 1 0 667.9598
D001 91 R 120 0 0 0 844.7172
D001 92 G 150 0 0 0 1145.4643
D001 93 F 90 1 1 0 973.4939
D001 94 L 30 0 0 0 518.2125
D001 95 G 180 0 0 0 1113.2814
D001 96 R 60 0 0 0 517.4086
D001 97 R 180 0 0 0 766.4117
D001 98 L 120 1 1 0 1215.6057
D001 99 F 0 1 1 0 1732.2515
D001 100 L 150 0 0 0 1174.8069
D001 101 G 120 1 1 0 1299.1308
D001 102 L 90 1 1 0 620.7562
D001 103 G 30 1 1 0 609.9309
D001 104 F 120 0 0 0 699.5813
D001 105 F 60 1 1 0 1224.1505
D001 106 G 0 0 0 0 758.0603
D001 107 F 30 0 0 0 461.1848
D001 108 L 0 0 0 0 433.5637
D001 109 G 0 1 1 0 1630.5455
D001 110 G 30 0 0 0 722.6707
D001 111 F 150 0 0 0 611.6587
D001 112 L 0 1 1 0 953.8948
D001 113 F 30 1 1 0 1026.3119
D001 114 R 30 0 0 0 497.9856
D001 115 G 90 0 0 0 522.869
D001 116 L 90 0 0 0 529.9853
D001 117 F 60 0 0 0 459.5218
D001 118 F 120 1 1 0 775.5487
D001 119 L 30 1 1 0 865.0159
D001 120 R 120 1 1 0 1022.5421
D001 121 L 30 0 0 0 550.0227
D001 122 L 180 1 1 0 1302.5136
D001 123 F 0 0 0 0 463.7599
D001 124 L 150 0 1 1 635.7959
D001 125 F 120 0 0 0 519.4301
D001 126 F 90 0 0 0 460.8287
D001 127 R 150 1 1 0 1358.7342
D001 128 L 0 1 1 0 1235.3603
D001 129 F 90 1 1 0 1418.5462
D001 130 F 90 0 0 0 1690.4822
D001 131 R 0 1 1 0 966.4249
D001 132 F 90 0 0 0 667.8359
D001 133 G 180 1 1 0 1431.896
D001 134 R 180 1 1 0 1835.4846
D001 135 R 150 1 1 0 879.6686
D001 136 F 120 0 0 0 653.0157
D001 137 L 60 1 1 0 812.9449
D001 138 G 180 0 0 0 1190.2382
D001 139 G 60 0 0 0 598.9643
D001 140 F 120 1 1 0 1040.2871
D001 141 G 120 0 0 0 567.1636
D001 142 R 90 1 1 0 1199.5055
D001 143 L 120 1 1 0 813.0538
D001 144 G 180 1 9997 1 2000.0363
D001 145 F 150 0 0 0 664.0124
D001 146 R 90 1 1 0 1959.2391
D001 147 F 150 0 0 0 730.2647
D001 148 F 60 1 1 0 683.2988
D001 149 G 30 1 1 0 963.4211
D001 150 G 120 1 1 0 1488.3977
D001 151 L 0 1 1 0 1037.1293
D001 152 R 120 1 1 0 668.9832
D001 153 R 150 0 0 0 914.5095
D001 154 G 30 1 1 0 736.0552
D001 155 R 90 0 0 0 619.7163
D001 156 F 0 0 0 0 482.0995
D001 157 R 0 0 0 0 470.8383
D001 158 G 60 1 1 0 984.2528
D001 159 G 90 1 1 0 1171.4051
D001 160 L 180 0 1 1 761.7748
D001 161 R 150 0 0 0 1773.0945
D001 162 G 30 0 0 0 420.2976
D001 163 G 120 1 1 0 556.5104
D001 164 R 30 0 0 0 364.8035
D001 165 L 120 0 0 0 693.9559
D001 166 L 30 0 0 0 377.0833
D001 167 G 60 1 1 0 555.8329
D001 168 L 60 0 0 0 457.126
D001 169 L 90 0 0 0 551.6722
D001 170 L 180 1 1 0 1416.9321
D001 171 F 120 0 0 0 828.2506
D001 172 L 150 1 1 0 850.2976
D001 173 F 180 1 1 0 1356.3661
D001 174 R 30 0 0 0 974.9839
D001 175 F 60 0 0 0 493.6449
D001 176 L 90 1 1 0 728.2756
D001 177 G 0 1 1 0 963.6596
D001 178 G 90 0 0 0 631.4299
D001 179 L 150 0 9997 1 2000.0363
D001 180 R 180 1 0 1 1787.9446
D001 181 R 60 0 0 0 925.9752
D001 182 R 90 0 0 0 1036.2899
D001 183 F 150 1 9997 1 2000.0347
D001 184 F 180 0 0 0 1248.1179
D001 185 L 0 0 0 0 607.9268
D001 186 L 0 1 9997 1 2000.0379
D001 187 F 30 0 0 0 543.5933
D001 188 G 120 0 0 0 754.3569
D001 189 R 0 0 0 0 580.6666
D001 190 L 60 0 0 0 489.26
D001 191 G 180 0 1 1 523.6974
D001 192 G 150 1 1 0 621.5514
D001 193 L 90 1 1 0 864.156
D001 194 L 60 1 1 0 493.4025
D001 195 F 30 1 1 0 674.1081
D001 196 G 90 1 1 0 825.0549
D001 197 L 30 0 0 0 560.1365
D001 198 L 0 0 0 0 383.8277
D001 199 R 30 1 1 0 740.3983
D001 200 L 150 0 0 0 1206.7979
D001 201 L 150 1 1 0 1250.5374
D001 202 G 150 1 1 0 529.7658
D001 203 R 60 0 0 0 1251.8292
D001 204 G 30 0 1 1 1900.524
D001 205 L 30 1 1 0 758.73
D001 206 L 180 0 0 0 1235.016
D001 207 R 180 0 0 0 833.0091
D001 208 F 150 1 1 0 782.7392
D001 209 R 60 1 1 0 1422.2346
D001 210 G 0 0 0 0 470.9599
D001 211 F 120 1 1 0 619.7992
D001 212 G 0 1 1 0 625.6134
D001 213 F 90 1 1 0 1445.8735
D001 214 R 30 1 0 1 451.2597
D001 215 F 60 1 1 0 711.4513
D001 216 G 0 0 0 0 498.3457
D001 217 F 90 1 1 0 1151.8723
D001 218 G 150 0 0 0 830.9915
D001 219 L 30 1 0 1 610.2097
D001 220 G 90 0 0 0 942.3233
D001 221 R 60 1 1 0 739.1554
D001 222 L 180 1 1 0 1861.9584
D001 223 F 30 0 0 0 537.6812
D001 224 R 180 0 0 0 1152.4204
D001 225 G 60 0 0 0 583.3056
D001 226 F 180 0 0 0 638.5778
D001 227 L 90 0 0 0 448.7344
D001 228 R 150 1 1 0 1313.9888
D001 229 F 0 1 1 0 917.1714
D001 230 R 0 1 1 0 514.7159
D001 231 F 180 1 1 0 1201.9921
D001 232 F 30 1 1 0 725.1423
D001 233 R 120 1 1 0 1051.4251
D001 234 F 60 0 0 0 496.7301
D001 235 F 0 1 1 0 443.4477
D001 236 R 120 0 0 0 752.9908
D001 237 G 150 0 0 0 834.1011
D001 238 F 90 0 0 0 445.4629
D001 239 L 120 1 1 0 754.2463
D001 240 F 0 0 0 0 444.1742
D001 241 L 120 0 0 0 661.6979
D001 242 R 120 0 0 0 597.2926
