L005 18 L 150 0 9997 1 2000.0444
L005 19 F 180 1 0 1 1499.421
L005 20 R 30 0 1 1 706.3725
L005 21 G 60 1 1 0 1180.3961
L005 22 G 180 1 1 0 1379.6284
L005 23 F 60 1 1 0 1443.655
L005 24 F 90 1 1 0 734.3791
L005 25 G 90 1 1 0 645.2826
L005 26 F 0 1 1 0 1094.4064
L005 27 R 30 1 1 0 821.4631
L005 28 R 0 0 0 0 539.5107
L005 29 G 0 0 0 0 451.8896
L005 30 R 60 1 0 1 339.0638
L005 31 L 180 1 1 0 1898.9668
L005 32 R 60 0 0 0 617.2564
L005 33 G 120 0 0 0 588.0672
L005 34 L 60 1 1 0 633.3422
L005 35 L 60 0 0 0 810.1287
L005 36 R 150 1 1 0 803.8413
L005 37 R 150 0 0 0 756.6442
L005 38 R 180 1 1 0 1883.7609
L005 39 F 90 0 0 0 682.2392
L005 40 G 60 1 1 0 669.9413
L005 41 L 150 1 1 0 1236.4574
L005 42 G 150 1 1 0 620.5426
L005 43 G 120 1 1 0 503.7235
L005 44 L 90 0 0 0 637.5101
L005 45 F 90 0 0 0 493.0733
L005 46 G 90 0 0 0 496.8439
L005 47 R 180 1 1 0 692.3911
L005 48 F 150 0 0 0 554.321
L005 49 G 30 1 1 0 583.775
L005 50 L 150 0 1 1 485.2234
L005 51 L 90 1 1 0 557.0932
L005 52 F 180 0 0 0 625.4549
L005 53 R 120 1 1 0 597.655
L005 54 R 0 0 0 0 422.6138
L005 55 F 150 1 1 0 577.6731
L005 56 G 90 0 0 0 519.7747
L005 57 R 90 1 1 0 621.1365
L005 58 G 150 1 1 0 514.1279
L005 59 L 90 1 1 0 772.6761
L005 60 L 120 0 0 0 817.4257
L005 61 F 90 1 1 0 654.7192
L005 62 G 180 0 0 0 732.5224
L005 63 G 120 0 0 0 499.4842
L005 64 R 90 1 1 0 537.261
L005 65 G 0 0 0 0 413.8518
L005 66 R 120 1 1 0 664.8649
L005 67 L 180 0 0 0 597.5349
L005 68 F 60 1 1 0 506.9393
L005 69 G 150 0 1 1 512.9395
L005 70 G 60 0 0 0 538.0762
L005 71 L 0 0 0 0 354.0696
L005 72 L 60 1 1 0 573.1552
L005 73 F 30 1 1 0 556.5143
L005 74 R 30 1 1 0 512.2327
L005 75 L 30 1 1 0 566.6511
L005 76 G 0 1 1 0 524.0524
L005 77 L 0 1 1 0 770.9539
L005 78 L 180 0 0 0 641.4759
L005 79 G 180 0 0 0 673.3009
L005 80 L 90 0 0 0 491.1485
L005 81 L 120 1 1 0 797.4863
L005 82 F 60 0 0 0 440.7745
L005 83 F 120 1 1 0 601.548
L005 84 R 0 1 0 1 585.825
L005 85 R 180 0 0 0 651.209
L005 86 F 180 1 1 0 1643.1745
L005 87 G 30 0 0 0 493.9837
L005 88 L 120 0 0 0 501.4478
L005 89 L 150 1 1 0 933.7863
L005 90 F 30 1 1 0 666.8155
L005 91 F 0 1 1 0 1072.1337
L005 92 G 150 0 0 0 536.1911
L005 93 L 0 1 1 0 539.4208
L005 94 R 150 0 0 0 477.0785
L005 95 G 0 1 0 1 670.3204
L005 96 F 120 0 0 0 564.7187
L005 97 R 30 0 0 0 510.8943
L005 98 F 180 0 0 0 665.6852
L005 99 F 150 0 0 0 404.1896
L005 100 G 30 0 0 0 440.4845
L005 101 G 90 1 1 0 599.9025
L005 102 L 180 1 0 1 460.3588
L005 103 F 120 1 1 0 880.8519
L005 104 G 60 0 0 0 590.6938
L005 105 L 30 0 0 0 728.8862
L005 106 F 0 0 0 0 493.9022
L005 107 R 60 0 0 0 723.9937
L005 108 L 30 0 0 0 476.1158
L005 109 L 30 1 1 0 573.1298
L005 110 F 120 0 0 0 456.0487
L005 111 R 60 1 1 0 540.6997
L005 112 R 0 1 1 0 516.8
L005 113 G 180 1 1 0 830.2016
L005 114 F 60 0 0 0 575.3692
L005 115 L 60 0 0 0 514.2799
L005 116 R 90 0 0 0 512.1833
L005 117 F 0 0 0 0 587.2897
L005 118 F 30 0 0 0 485.2742
L005 119 F 30 0 0 0 481.9657
L005 120 R 150 1 1 0 1551.129
L005 121 R 180 0 0 0 681.8098
L005 122 F 150 1 1 0 1525.1086
L005 123 R 120 0 0 0 475.8211
L005 124 R 120 0 0 0 522.5684
L005 125 L 120 1 1 0 765.0998
L005 126 G 120 1 1 0 629.1233
L005 127 R 90 0 0 0 466.8632
L005 128 G 30 1 1 0 678.536
L005 129 L 0 0 0 0 417.0298
L005 130 L 120 1 1 0 611.1598
L005 131 F 0 1 1 0 510.1512
L005 132 F 0 0 0 0 481.1042
L005 133 R 60 1 1 0 638.3197
L005 134 L 180 0 1 1 604.0824
L005 135 F 60 1 1 0 720.3474
L005 136 F 120 0 0 0 455.0746
L005 137 G 30 1 1 0 510.5814
L005 138 R 0 1 1 0 604.9629
L005 139 G 60 1 1 0 532.7141
L005 140 R 120 0 0 0 493.9237
L005 141 G 150 1 1 0 619.8771
L005 142 L 120 0 0 0 520.8936
L005 143 R 30 0 0 0 400.9842
L005 144 G 120 0 0 0 492.4263
L005 145 R 90 1 1 0 560.5344
L005 146 G 150 0 0 0 515.8603
L005 147 G 0 0 0 0 611.1984
L005 148 R 180 1 1 0 818.0498
L005 149 L 180 1 1 0 638.7809
L005 150 G 30 0 0 0 543.0732
L005 151 L 30 0 0 0 475.6518
L005 152 F 30 0 0 0 523.3162
L005 153 F 0 1 1 0 552.3682
L005 154 R 120 1 1 0 548.3194
L005 155 L 150 1 1 0 619.8715
L005 156 R 120 0 0 0 568.2247
L005 157 R 150 1 1 0 604.8453
L005 158 G 120 1 1 0 515.9421
L005 159 G 120 1 0 1 489.0082
L005 160 G 90 1 1 0 735.8159
L005 161 F 30 1 1 0 705.0603
L005 162 L 90 0 0 0 703.2154
L005 163 F 60 1 1 0 535.4488
L005 164 F 0 0 0 0 484.1202
L005 165 R 180 1 1 0 510.0623
L005 166 F 150 0 0 0 445.0652
L005 167 F 180 1 1 0 1113.8273
L005 168 G 120 0 0 0 525.3609
L005 169 G 30 0 0 0 479.1475
L005 170 R 60 1 1 0 515.7714
L005 171 R 120 1 1 0 556.7043
L005 172 F 150 1 1 0 636.5605
L005 173 R 180 0 0 0 700.8329
L005 174 L 90 1 1 0 536.9138
L005 175 R 30 1 1 0 597.4617
L005 176 R 30 1 1 0 427.96
L005 177 R 0 0 1 1 379.4661
L005 178 F 30 1 1 0 557.9975
L005 179 G 180 1 1 0 1220.1014
L005 180 L 150 0 0 0 709.8936
L005 181 R 150 1 1 0 746.3166
L005 182 G 60 0 0 0 602.4428
L005 183 R 0 0 0 0 470.3349
L005 184 G 180 1 1 0 1150.8686
L005 185 F 60 0 0 0 775.2094
L005 186 F 90 1 1 0 673.6591
L005 187 G 60 1 0 1 902.5373
L005 188 L 30 1 1 0 847.7779
L005 189 R 60 0 0 0 663.4204
L005 190 F 180 0 0 0 603.9469
L005 191 L 0 0 0 0 559.8862
L005 192 L 60 0 0 0 497.7082
L005 193 L 120 0 0 0 551.5525
L005 194 L 0 0 0 0 557.2292
L005 195 G 90 0 0 0 602.7964
L005 196 R 150 0 0 0 846.0148
L005 197 R 0 1 1 0 626.1385
L005 198 L 150 1 1 0 671.7088
L005 199 F 180 0 0 0 622.9565
L005 200 F 120 1 1 0 736.5137
L005 201 G 90 1 1 0 599.3061
L005 202 G 0 1 1 0 623.7675
L005 203 F 60 0 0 0 488.7691
L005 204 R 30 0 0 0 436.2292
L005 205 F 120 0 0 0 499.4126
L005 206 F 120 1 1 0 599.7667
L005 207 L 30 0 0 0 468.1578
L005 208 F 150 1 1 0 488.6434
L005 209 R 60 0 0 0 385.3001
L005 210 L 150 0 0 0 863.8925
L005 211 F 30 0 0 0 542.4354
L005 212 L 0 1 0 1 420.2858
L005 213 L 60 0 0 0 582.6168
L005 214 L 0 1 0 1 629.1059
L005 215 R 90 0 0 0 536.1559
L005 216 F 90 1 1 0 751.4044
L005 217 G 150 0 0 0 558.2768
L005 218 L 180 1 1 0 1232.1597
L005 219 R 90 0 0 0 492.835
L005 220 G 0 0 0 0 632.5513
L005 221 L 30 1 1 0 581.32
L005 222 R 180 0 0 0 597.5882
L005 223 L 60 1 1 0 581.163
L005 224 R 90 1 1 0 606.0027
L005 225 L 90 0 0 0 504.042
L005 226 G 180 0 0 0 849.7488
L005 227 G 180 0 0 0 575.1496
L005 228 R 150 0 0 0 562.893
L005 229 F 90 0 0 0 488.5342
L005 230 G 60 0 0 0 495.8907
L005 231 L 120 1 1 0 724.9664
L005 232 L 180 0 0 0 830.1312
L005 233 F 180 1 1 0 854.9816
L005 234 G 150 1 1 0 650.3776
L005 235 L 90 1 1 0 602.6403
L005 236 F 150 0 0 0 533.9109
L005 237 L 60 1 1 0 530.7242
L005 238 G 30 1 0 1 339.5563
L005 239 F 90 0 0 0 569.9842
L005 240 G 90 0 0 0 459.547
L005 241 G 0 1 0 1 530.9094
