E002 20 F 30 1 1 0 864.944
E002 21 G 90 1 1 0 1407.4702
E002 22 L 120 0 0 0 698.1561
E002 23 G 60 0 0 0 902.2798
E002 24 G 30 1 1 0 739.3959
E002 25 L 150 1 1 0 874.3011
E002 26 R 30 1 1 0 1053.9289
E002 27 R 150 0 0 0 780.0986
E002 28 G 150 1 1 0 1831.1545
E002 29 G 180 0 0 0 800.0933
E002 30 R 60 1 1 0 841.0052
E002 31 L 180 0 0 0 1020.8138
E002 32 G 0 0 0 0 875.6845
E002 33 G 120 0 0 0 878.403
E002 34 F 0 0 0 0 578.4079
E002 35 F 180 1 1 0 1331.4036
E002 36 R 120 1 1 0 853.3858
E002 37 F 60 0 0 0 518.0826
E002 38 G 90 0 0 0 801.0292
E002 39 R 60 0 0 0 647.0931
E002 40 L 30 1 1 0 958.6964
E002 41 R 90 1 1 0 668.6649
E002 42 L 0 0 0 0 530.8971
E002 43 G 30 0 0 0 582.7059
E002 44 F 30 0 0 0 524.7105
E002 45 G 180 1 1 0 1252.5514
E002 46 F 180 1 1 0 1014.1552
E002 47 R 30 1 1 0 967.5596
E002 48 G 150 1 1 0 1260.5376
E002 49 R 0 0 0 0 689.2488
E002 50 R 0 1 1 0 1069.4585
E002 51 F 90 1 1 0 726.6653
E002 52 L 150 0 0 0 997.177
E002 53 L 90 0 0 0 653.2154
E002 54 G 150 0 0 0 731.2985
E002 55 R 120 1 1 0 644.4202
E002 56 R 0 1 1 0 1067.4946
E002 57 L 30 1 1 0 1250.6562
E002 58 G 180 0 0 0 768.4845
E002 59 F 90 0 0 0 821.2052
E002 60 L 120 1 1 0 1000.8845
E002 61 L 90 0 0 0 623.6781
E002 62 R 150 0 0 0 755.4332
E002 63 F 180 0 0 0 1091.9284
E002 64 G 0 0 1 1 783.6605
E002 65 G 180 1 9997 1 2000.0386
E002 66 F 90 1 1 0 1042.963
E002 67 R 60 0 0 0 655.9021
E002 68 R 150 1 1 0 727.5777
E002 69 R 0 0 0 0 1308.3107
E002 70 L 180 1 1 0 1017.3441
E002 71 G 60 1 1 0 1175.9193
E002 72 L 150 1 1 0 1085.2969
E002 73 F 90 0 0 0 641.6721
E002 74 G 0 1 1 0 1267.1395
E002 75 R 90 0 0 0 750.1557
E002 76 G 60 1 1 0 1184.6346
E002 77 F 120 1 1 0 882.6116
E002 78 F 60 0 0 0 663.7539
E002 79 F 120 0 0 0 856.5404
E002 80 F 60 1 1 0 842.0322
E002 81 L 30 0 0 0 682.025
E002 82 L 180 0 0 0 1005.9184
E002 83 G 120 1 1 0 1263.614
E002 84 R 30 0 0 0 647.5329
E002 85 R 120 0 0 0 885.0611
E002 86 G 120 0 0 0 813.9381
E002 87 L 150 0 0 0 794.0129
E002 88 G 150 0 0 0 831.062
E002 89 F 150 1 1 0 905.7942
E002 90 L 90 1 1 0 900.1516
E002 91 R 60 1 1 0 709.6265
E002 92 L 120 0 0 0 625.7206
E002 93 R 90 1 1 0 956.7906
E002 94 L 60 1 1 0 947.4327
E002 95 G 30 1 1 0 775.8648
E002 96 L 0 1 1 0 749.036
E002 97 L 30 0 0 0 715.8351
E002 98 R 90 0 0 0 717.061
E002 99 G 60 0 0 0 854.1077
E002 100 R 150 1 1 0 874.2357
E002 101 F 30 0 0 0 675.102
E002 102 R 120 0 0 0 609.6822
E002 103 R 30 0 0 0 567.2847
E002 104 G 0 1 1 0 782.5598
E002 105 R 180 0 0 0 890.0614
E002 106 L 60 0 0 0 582.022
E002 107 L 60 1 1 0 703.8026
E002 108 L 60 0 0 0 676.769
E002 109 F 30 1 1 0 771.857
E002 110 L 0 1 1 0 722.9919
E002 111 F 120 0 0 0 898.9377
E002 112 F 120 1 1 0 744.4376
E002 113 F 180 0 0 0 841.3234
E002 114 F 0 1 1 0 806.9998
E002 115 L 90 1 1 0 837.7587
E002 116 R 180 1 1 0 993.3592
E002 117 R 180 1 1 0 1086.6007
E002 118 G 120 1 1 0 1293.4189
E002 119 L 180 1 1 0 1239.4807
E002 120 G 30 0 0 0 656.8986
E002 121 G 90 1 1 0 768.8511
E002 122 F 150 1 1 0 1085.6436
E002 123 F 150 0 0 0 794.9737
E002 124 F 0 0 0 0 559.8119
E002 125 R 180 0 0 0 892.8744
E002 126 G 90 0 0 0 744.8776
E002 127 L 120 1 1 0 750.2875
E002 128 F 150 0 0 0 868.428
E002 129 F 0 1 1 0 721.9702
E002 130 F 60 1 1 0 910.0799
E002 131 L 0 0 0 0 540.9925
E002 132 R 180 1 1 0 1409.4255
E002 133 R 120 0 0 0 536.0796
E002 134 R 180 0 0 0 1606.624
E002 135 G 30 0 0 0 583.4373
E002 136 F 180 1 1 0 715.2881
E002 137 F 120 1 1 0 1525.7635
E002 138 F 30 0 0 0 525.3508
E002 139 G 120 1 1 0 1031.192
E002 140 R 0 0 0 0 517.8206
E002 141 L 120 0 0 0 611.2065
E002 142 G 30 1 1 0 833.8247
E002 143 R 180 1 0 1 700.7891
E002 144 G 0 1 1 0 1349.7911
E002 145 F 180 0 0 0 954.0358
E002 146 F 0 0 0 0 599.4407
E002 147 F 30 1 1 0 899.4758
E002 148 L 150 1 1 0 780.2282
E002 149 F 90 1 1 0 788.053
E002 150 R 0 1 1 0 800.0542
E002 151 R 60 0 0 0 568.5695
E002 152 L 180 1 1 0 964.7575
E002 153 F 0 1 1 0 790.4002
E002 154 R 30 0 0 0 564.2368
E002 155 R 60 0 0 0 762.9433
E002 156 F 90 1 1 0 1164.4656
E002 157 R 150 0 0 0 858.3161
E002 158 F 30 1 1 0 986.8838
E002 159 R 120 1 1 0 1393.2983
E002 160 R 60 1 1 0 645.2926
E002 161 F 180 0 0 0 897.3945
E002 162 G 180 1 1 0 1330.1861
E002 163 L 180 1 1 0 1351.3751
E002 164 R 120 1 1 0 1302.8634
E002 165 R 180 0 0 0 866.2364
E002 166 L 30 1 1 0 928.2794
E002 167 L 150 0 0 0 798.019
E002 168 G 120 0 0 0 788.7039
E002 169 L 90 1 1 0 1366.9573
E002 170 L 0 1 1 0 823.2658
E002 171 R 90 0 0 0 543.7459
E002 172 F 120 0 0 0 753.4343
E002 173 R 0 1 1 0 783.4152
E002 174 L 90 1 1 0 695.8049
E002 175 G 90 1 9997 1 2000.0391
E002 176 R 60 1 1 0 707.6045
E002 177 G 150 0 0 0 834.0188
E002 178 L 180 0 1 1 853.1095
E002 179 L 90 0 0 0 628.9984
E002 180 G 30 1 1 0 665.0979
E002 181 F 90 0 0 0 552.982
E002 182 R 90 1 1 0 575.2239
E002 183 F 30 0 0 0 466.5906
E002 184 F 60 1 1 0 692.5249
E002 185 F 60 1 1 0 473.1191
E002 186 F 180 1 1 0 1085.9092
E002 187 F 0 1 1 0 606.1636
E002 188 G 150 1 1 0 1057.7473
E002 189 R 120 0 0 0 519.1501
E002 190 L 120 1 1 0 635.1117
E002 191 L 180 0 0 0 650.8864
E002 192 L 60 0 0 0 640.0062
E002 193 F 150 0 0 0 649.2476
E002 194 G 120 1 1 0 940.0502
E002 195 L 30 1 1 0 928.7493
E002 196 G 0 0 0 0 747.7543
E002 197 L 120 0 0 0 683.0363
E002 198 L 60 0 0 0 459.6006
E002 199 G 90 0 0 0 531.2809
E002 200 F 150 0 0 0 542.1513
E002 201 G 150 1 1 0 1043.2642
E002 202 L 0 1 1 0 762.6466
E002 203 L 120 1 1 0 787.433
E002 204 G 90 0 0 0 521.7236
E002 205 G 30 0 0 0 495.3079
E002 206 L 150 1 1 0 590.332
E002 207 F 90 0 0 0 402.0039
E002 208 F 120 0 0 0 682.0029
E002 209 G 180 1 1 0 1023.7849
E002 210 L 90 0 0 0 615.6065
E002 211 G 0 1 1 0 1081.7623
E002 212 R 90 1 1 0 882.8396
E002 213 G 120 0 0 0 668.2198
E002 214 G 60 0 0 0 1070.9375
E002 215 R 150 0 0 0 899.4492
E002 216 F 150 1 1 0 746.7086
E002 217 F 0 0 0 0 729.8715
E002 218 F 150 1 1 0 709.8168
E002 219 G 60 0 0 0 529.9914
E002 220 L 60 1 1 0 587.8228
E002 221 F 60 0 0 0 515.6725
E002 222 G 0 0 0 0 461.9621
E002 223 G 180 0 0 0 790.3767
E002 224 R 150 1 1 0 669.9502
E002 225 R 0 0 0 0 512.4419
E002 226 G 60 1 1 0 616.499
E002 227 G 90 1 1 0 1682.3647
E002 228 L 150 0 0 0 833.6789
E002 229 G 60 1 1 0 863.481
E002 230 R 150 1 1 0 1037.7864
E002 231 L 0 0 0 0 623.2275
E002 232 R 30 0 0 0 715.9932
E002 233 F 120 1 1 0 738.1379
E002 234 R 30 1 1 0 1137.1853
E002 235 R 30 1 1 0 734.4805
E002 236 L 60 1 1 0 831.1302
E002 237 G 180 0 0 0 732.2283
E002 238 L 0 0 0 0 618.1945
E002 239 G 150 0 0 0 695.5214
E002 240 F 60 0 0 0 640.604
E002 241 R 90 0 0 0 984.2321
E002 242 L 30 0 0 0 494.5237
E002 243 L 30 0 0 0 390.9215
