D008 33 R 30 1 1 0 892.554
D008 34 F 0 0 0 0 769.578
D008 35 F 90 0 0 0 866.908
D008 36 G 90 1 1 0 927.51
D008 37 G 60 1 1 0 1029.925
D008 38 F 90 1 1 0 954.522
D008 39 R 90 1 1 0 569.215
D008 40 F 60 1 1 0 718.358
D008 41 F 150 1 1 0 809.971
D008 42 G 90 0 0 0 633.202
D008 43 L 0 0 0 0 539.052
D008 44 G 30 1 1 0 550.559
D008 45 L 90 1 1 0 818.482
D008 46 F 180 0 1 1 498.553
D008 47 G 90 0 0 0 805.926
D008 48 G 120 1 1 0 750.601
D008 49 R 180 1 1 0 947.741
D008 50 L 150 0 0 0 833.52
D008 51 G 150 1 1 0 726.64
D008 52 R 150 0 0 0 660.342
D008 53 G 90 1 1 0 745.167
D008 54 L 90 0 0 0 569.009
D008 55 R 120 1 1 0 718.89
D008 56 L 120 1 1 0 721.391
D008 57 L 120 1 1 0 534.203
D008 58 R 150 1 1 0 798.387
D008 59 G 150 0 0 0 791.566
D008 60 L 60 1 1 0 583.9
D008 61 F 120 1 1 0 616.186
D008 62 G 120 0 0 0 703.794
D008 63 L 180 0 1 1 490.699
D008 64 L 120 0 0 0 545.428
D008 65 R 120 0 0 0 606.546
D008 66 R 180 0 0 0 761.989
D008 67 G 60 0 0 0 542.484
D008 68 L 150 1 1 0 512.726
D008 69 F 90 0 0 0 658.264
D008 70 G 60 1 1 0 646.247
D008 71 F 180 0 0 0 595.019
D008 72 L 30 0 0 0 480.653
D008 73 R 0 1 1 0 521.055
D008 74 F 60 1 1 0 629.759
D008 75 F 120 1 0 1 602.855
D008 76 F 150 0 0 0 673.061
D008 77 F 90 1 1 0 618.884
D008 78 F 30 0 0 0 608.931
D008 79 R 90 0 0 0 552.977
D008 80 F 60 0 0 0 432.539
D008 81 F 60 0 0 0 374.073
D008 82 G 0 1 1 0 449.169
D008 83 R 60 0 0 0 606.73
D008 84 L 60 0 0 0 509.842
D008 85 L 30 1 1 0 432.857
D008 86 F 0 0 0 0 400.047
D008 87 L 90 0 0 0 544.951
D008 88 R 90 0 0 0 486.075
D008 89 G 30 0 0 0 478.69
D008 90 L 30 0 0 0 392.472
D008 91 G 30 0 0 0 356.308
D008 92 L 180 1 1 0 889.935
D008 93 R 0 1 1 0 689.613
D008 94 F 0 1 0 1 546.459
D008 95 L 0 0 0 0 457.446
D008 96 L 180 1 1 0 812.521
D008 97 R 30 0 0 0 614.818
D008 98 G 60 0 0 0 478.454
D008 99 F 120 0 0 0 495.035
D008 100 R 30 0 0 0 420.498
D008 101 G 0 1 1 0 544.674
D008 102 R 120 1 1 0 622.713
D008 103 R 180 0 0 0 900.065
D008 104 G 180 1 1 0 504.259
D008 105 L 60 0 0 0 524.959
D008 106 F 30 0 0 0 470.893
D008 107 G 120 0 0 0 567.339
D008 108 G 180 0 0 0 800.611
D008 109 G 30 1 1 0 794.829
D008 110 L 180 0 0 0 651.152
D008 111 G 180 0 0 0 821.46
D008 112 L 0 1 1 0 826.473
D008 113 L 90 1 1 0 770.192
D008 114 L 150 1 1 0 703.561
D008 115 R 60 1 1 0 598.544
D008 116 G 150 1 1 0 589.428
D008 117 R 150 1 1 0 518.356
D008 118 L 120 0 0 0 608.441
D008 119 R 60 0 0 0 614.597
D008 120 R 90 1 1 0 577.849
D008 121 F 150 0 0 0 584.914
D008 122 G 120 1 1 0 646.526
D008 123 F 150 1 1 0 794.019
D008 124 R 30 1 1 0 607.146
D008 125 R 0 0 0 0 449.743
D008 126 G 0 0 0 0 416.133
D008 127 G 150 0 0 0 575.335
D008 128 L 0 1 1 0 449.805
D008 129 L 150 0 0 0 664.7
D008 130 F 120 0 0 0 489.881
D008 131 L 30 1 1 0 488.031
D008 132 R 60 1 1 0 550.237
D008 133 F 0 1 1 0 538.195
D008 134 R 0 0 0 0 500.831
D008 135 F 180 1 1 0 858.521
D008 136 R 150 0 0 0 662.33
D008 137 G 180 1 1 0 480.711
D008 138 F 30 1 1 0 601.017
D008 139 R 180 1 1 0 785.392
D008 140 R 120 0 0 0 654.859
D008 141 F 180 1 1 0 645.131
D008 142 L 60 1 1 0 536.64
D008 143 F 30 1 1 0 509.146
D008 144 G 0 0 0 0 487.462
D008 145 F 30 1 1 0 623.288
D008 146 G 180 0 1 1 528.236
D008 147 R 60 0 0 0 973.849
D008 148 L 30 0 0 0 564.32
D008 149 L 180 0 1 1 513.469
D008 150 G 30 0 0 0 510.003
D008 151 F 90 1 1 0 608.475
D008 152 L 30 1 1 0 903.558
D008 153 G 180 1 1 0 1071.858
D008 154 G 120 0 0 0 710.3
D008 155 F 120 1 1 0 581.553
D008 156 R 30 1 0 1 836.657
D008 157 L 120 0 0 0 830.088
D008 158 G 30 0 0 0 439.77
D008 159 R 30 0 0 0 485.159
D008 160 R 0 1 1 0 423.9
D008 161 G 90 0 0 0 703.477
D008 162 L 120 1 1 0 529.105
D008 163 L 30 1 1 0 539.863
D008 164 R 120 1 1 0 580.201
D008 165 R 90 0 0 0 584.086
D008 166 G 150 0 1 1 517.746
D008 167 F 90 0 0 0 528.294
D008 168 R 0 0 0 0 486.951
D008 169 F 30 0 0 0 432.794
D008 170 G 180 0 0 0 752.025
D008 171 L 0 1 1 0 599.697
D008 172 F 180 1 1 0 848.859
D008 173 F 120 0 0 0 576.523
D008 174 R 90 1 1 0 499.463
D008 175 F 180 0 0 0 735.588
D008 176 G 60 0 0 0 428.466
D008 177 R 180 0 0 0 664.419
D008 178 G 0 0 0 0 983.059
D008 179 G 0 1 1 0 695.746
D008 180 R 180 0 0 0 931.465
D008 181 L 150 0 0 0 512.893
D008 182 G 60 0 0 0 453.009
D008 183 F 150 0 0 0 462.388
D008 184 R 120 0 0 0 456.599
D008 185 G 150 1 1 0 733.858
D008 186 R 0 0 0 0 423.697
D008 187 G 60 1 1 0 534.022
D008 188 L 60 1 1 0 591.04
D008 189 F 180 1 1 0 761.911
D008 190 R 180 1 1 0 664.953
D008 191 G 90 1 1 0 583.056
D008 192 L 60 1 1 0 590.08
D008 193 R 120 0 0 0 548.637
D008 194 G 0 1 1 0 679.812
D008 195 F 30 1 1 0 590.487
D008 196 R 0 1 1 0 439.044
D008 197 R 150 1 1 0 556.919
D008 198 F 90 1 1 0 513.757
D008 199 F 150 0 0 0 572.655
D008 200 G 90 1 1 0 580.23
D008 201 G 120 0 0 0 541.155
D008 202 G 0 0 1 1 566.842
D008 203 L 90 0 0 0 616.491
D008 204 L 90 0 0 0 523.776
D008 205 G 180 1 1 0 728.093
D008 206 R 60 1 1 0 533.881
D008 207 F 0 0 0 0 461.41
D008 208 F 30 0 0 0 479.777
D008 209 F 60 0 0 0 415.799
D008 210 F 0 1 1 0 489.452
D008 211 R 150 1 1 0 595.748
D008 212 L 0 0 0 0 416.144
D008 213 F 120 0 0 0 431.752
D008 214 L 60 0 0 0 432.364
D008 215 L 150 1 1 0 604.003
D008 216 G 120 1 1 0 572.664
D008 217 R 180 1 1 0 583.871
D008 218 F 60 1 1 0 622.829
D008 219 G 90 0 0 0 583.609
D008 220 R 60 0 0 0 475.76
D008 221 L 180 1 1 0 496.401
D008 222 R 150 0 0 0 541.666
D008 223 L 120 1 1 0 464.951
D008 224 L 150 1 1 0 467.156
D008 225 L 150 0 0 0 575.803
D008 226 F 90 0 0 0 417.352
D008 227 R 60 1 1 0 492.752
D008 228 G 30 1 1 0 524.71
D008 229 R 90 1 1 0 780.163
D008 230 G 150 0 0 0 589.971
D008 231 L 90 1 1 0 505.112
D008 232 L 120 0 0 0 542.911
D008 233 F 0 1 1 0 617.485
D008 234 L 90 1 1 0 476.789
D008 235 R 30 1 1 0 429.173
D008 236 L 180 1 1 0 503.047
D008 237 L 30 0 0 0 439.167
D008 238 F 0 0 0 0 449.146
D008 239 F 150 1 1 0 534.509
D008 240 G 120 1 1 0 572.27
D008 241 G 60 1 1 0 509.887
D008 242 F 180 0 0 0 952.748
D008 243 F 60 1 1 0 574.816
D008 244 F 150 1 1 0 522.827
D008 245 L 0 1 1 0 584.319
D008 246 G 30 1 1 0 509.198
D008 247 F 60 0 0 0 445.414
D008 248 R 90 0 0 0 583.081
D008 249 R 120 1 1 0 613.681
D008 250 L 0 0 0 0 416.923
D008 251 F 120 1 1 0 509.507
D008 252 G 150 1 1 0 628.651
D008 253 L 60 0 0 0 440.902
D008 254 L 180 0 1 1 457.493
D008 255 R 30 0 0 0 1012.521
D008 256 R 150 0 0 0 484.152
