A445 18 L 90 0 1 1 819.7992
A445 19 L 0 0 0 0 506.2889
A445 20 L 150 1 1 0 815.115
A445 21 R 90 1 1 0 1118.0195
A445 22 F 30 0 0 0 580.5908
A445 23 F 180 1 1 0 842.0193
A445 24 G 0 1 1 0 920.9986
A445 25 G 180 1 1 0 1180.093
A445 26 G 120 0 0 0 633.5783
A445 27 L 150 0 0 0 795.8109
A445 28 F 120 1 1 0 728.3842
A445 29 F 120 0 0 0 632.603
A445 30 G 90 1 1 0 1050.0133
A445 31 F 60 1 1 0 826.1011
A445 32 R 0 1 1 0 720.2172
A445 33 R 30 0 0 0 586.4754
A445 34 L 30 0 0 0 557.7653
A445 35 L 120 0 0 0 478.7927
A445 36 F 180 0 0 0 862.3588
A445 37 G 90 0 0 0 546.47
A445 38 R 120 0 0 0 426.1961
A445 39 F 0 1 1 0 615.7777
A445 40 F 180 1 1 0 907.8193
A445 41 G 30 0 0 0 561.5121
A445 42 F 60 0 0 0 506.378
A445 43 R 120 0 0 0 640.8323
A445 44 R 120 1 1 0 685.0946
A445 45 L 0 1 0 1 590.9307
A445 46 L 120 0 0 0 792.1088
A445 47 F 30 1 1 0 930.5959
A445 48 G 180 1 1 0 1362.6947
A445 49 G 30 1 1 0 779.9955
A445 50 G 0 0 0 0 567.7336
A445 51 R 90 1 1 0 1168.4072
A445 52 L 180 0 0 0 1098.1728
A445 53 L 60 0 0 0 545.8269
A445 54 G 120 1 1 0 1090.1047
A445 55 R 180 1 1 0 1038.9622
A445 56 R 150 0 0 0 642.3277
A445 57 G 120 0 0 0 645.6756
A445 58 L 90 1 1 0 782.3078
A445 59 G 180 0 1 1 704.6901
A445 60 L 0 0 0 0 607.7303
A445 61 G 60 1 1 0 1027.9589
A445 62 R 150 1 1 0 1001.482
A445 63 L 60 1 1 0 1407.635
A445 64 R 90 0 0 0 674.4209
A445 65 L 30 0 0 0 604.6425
A445 66 R 180 0 0 0 703.9917
A445 67 L 180 1 1 0 842.8144
A445 68 G 0 0 0 0 1160.0181
A445 69 F 0 0 0 0 579.2946
A445 70 G 120 1 1 0 864.6889
A445 71 G 30 1 1 0 944.6201
A445 72 L 30 1 1 0 525.1517
A445 73 F 30 1 1 0 715.5901
A445 74 L 90 0 0 0 599.5927
A445 75 G 60 1 1 0 670.245
A445 76 G 0 1 1 0 573.0446
A445 77 F 150 1 1 0 1325.2528
A445 78 G 150 0 0 0 664.8325
A445 79 R 90 0 0 0 569.7853
A445 80 L 0 1 0 1 898.3267
A445 81 F 90 1 1 0 1225.166
A445 82 R 0 0 0 0 585.3934
A445 83 R 0 0 0 0 640.2509
A445 84 F 90 1 1 0 858.3208
A445 85 R 120 1 1 0 1398.5766
A445 86 R 60 1 1 0 418.6376
A445 87 R 60 1 1 0 465.9031
A445 88 F 0 1 1 0 1265.8774
A445 89 G 30 0 0 0 599.6519
A445 90 R 180 0 0 0 876.4061
A445 91 R 150 0 0 0 439.274
A445 92 F 90 0 0 0 560.312
A445 93 R 60 0 0 0 482.8401
A445 94 R 30 0 0 0 422.5554
A445 95 R 30 1 1 0 729.9676
A445 96 R 60 0 0 0 694.1338
A445 97 F 60 0 1 1 536.031
A445 98 L 180 1 1 0 1171.7218
A445 99 F 150 1 1 0 1830.3156
A445 100 L 120 1 1 0 850.5452
A445 101 G 60 0 0 0 611.6993
A445 102 L 150 0 0 0 549.5936
A445 103 R 30 1 1 0 1000.8328
A445 104 F 150 0 0 0 907.0142
A445 105 L 180 0 0 0 1254.3446
A445 106 G 150 1 1 0 1156.4109
A445 107 G 150 0 0 0 813.0466
A445 108 F 120 1 1 0 1433.7333
A445 109 F 150 0 0 0 1165.24
A445 110 G 180 0 0 0 1164.8369
A445 111 F 90 0 0 0 541.7705
A445 112 F 120 0 0 0 690.4724
A445 113 R 150 1 1 0 1778.875
A445 114 L 120 1 1 0 803.0934
A445 115 F 60 1 1 0 596.4026
A445 116 F 30 0 0 0 452.4832
A445 117 F 180 0 0 0 1081.6364
A445 118 L 90 1 1 0 875.925
A445 119 R 180 1 1 0 1281.2927
A445 120 L 150 1 1 0 770.1613
A445 121 F 0 0 0 0 565.8177
A445 122 L 30 1 1 0 688.8336
A445 123 G 60 0 9997 1 2000.0402
A445 124 L 60 1 1 0 668.6246
A445 125 G 90 0 0 0 588.7701
A445 126 G 150 1 1 0 1069.1336
A445 127 R 0 1 0 1 723.0628
A445 128 G 90 1 1 0 994.1252
A445 129 L 60 0 0 0 615.5992
A445 130 R 150 1 0 1 1416.0652
A445 131 G 0 1 9997 1 2000.0411
A445 132 G 150 0 0 0 773.0206
A445 133 G 60 1 1 0 951.0175
A445 134 G 90 0 0 0 644.8188
A445 135 L 60 0 0 0 739.6585
A445 136 L 120 1 1 0 711.6553
A445 137 F 90 1 1 0 1018.7828
A445 138 R 90 0 0 0 626.538
A445 139 G 90 0 0 0 522.5974
A445 140 F 150 1 1 0 497.1573
A445 141 F 90 1 1 0 638.1007
A445 142 L 120 0 0 0 504.9913
A445 143 L 90 0 0 0 687.4117
A445 144 R 60 0 0 0 640.5074
A445 145 F 0 1 1 0 548.677
A445 146 G 90 1 1 0 479.0827
A445 147 L 150 1 1 0 685.9525
A445 148 G 30 1 1 0 485.5332
A445 149 L 30 1 1 0 687.7589
A445 150 F 60 1 1 0 464.9708
A445 151 F 0 0 0 0 382.9168
A445 152 L 0 1 1 0 565.2763
A445 153 L 150 1 1 0 726.1479
A445 154 L 90 0 1 1 463.6114
A445 155 R 90 1 1 0 1344.612
A445 156 F 150 0 0 0 511.0616
A445 157 G 120 0 0 0 846.8233
A445 158 F 180 1 1 0 842.9789
A445 159 R 180 0 0 0 1253.0531
A445 160 R 30 0 0 0 654.8656
A445 161 L 60 1 1 0 586.0116
A445 162 G 120 0 0 0 1224.628
A445 163 R 180 0 0 0 653.9409
A445 164 G 0 0 0 0 571.6704
A445 165 L 30 0 0 0 513.3166
A445 166 L 0 0 0 0 509.0938
A445 167 G 120 1 1 0 758.8085
A445 168 F 180 0 0 0 1008.9461
A445 169 R 0 1 1 0 851.8253
A445 170 F 30 0 0 0 511.5217
A445 171 F 60 0 0 0 387.366
A445 172 G 60 0 1 1 535.1934
A445 173 L 180 0 0 0 1081.274
A445 174 F 120 0 0 0 693.1473
A445 175 F 180 0 0 0 792.689
A445 176 R 120 1 1 0 751.3899
A445 177 L 90 1 1 0 985.1551
A445 178 F 120 1 1 0 791.9638
A445 179 R 30 0 0 0 542.4282
A445 180 F 60 1 1 0 690.5327
A445 181 R 60 0 0 0 516.4307
A445 182 G 180 1 1 0 1451.4118
A445 183 R 150 0 0 0 554.2098
A445 184 R 180 1 1 0 640.5359
A445 185 F 30 1 1 0 793.0136
A445 186 L 180 1 1 0 1156.2143
A445 187 G 180 0 0 0 1142.9659
A445 188 G 180 1 1 0 626.157
A445 189 R 0 0 0 0 635.6903
A445 190 R 60 1 1 0 754.1051
A445 191 R 150 1 1 0 928.52
A445 192 F 120 0 0 0 573.3469
A445 193 F 30 0 0 0 394.6775
A445 194 R 150 0 0 0 688.6557
A445 195 F 60 0 0 0 658.4278
A445 196 G 30 0 0 0 503.0818
A445 197 F 0 1 1 0 840.3903
A445 198 L 180 1 1 0 1660.1493
A445 199 R 120 1 1 0 694.7875
A445 200 G 60 1 1 0 1236.5044
A445 201 L 60 1 1 0 721.7451
A445 202 G 0 0 0 0 721.6498
A445 203 G 180 0 1 1 609.4283
A445 204 L 120 1 1 0 1146.9447
A445 205 L 0 1 1 0 690.4746
A445 206 F 120 1 1 0 1718.2508
A445 207 F 150 1 1 0 857.3171
A445 208 R 30 1 1 0 1074.8053
A445 209 L 120 0 0 0 699.9957
A445 210 R 180 1 1 0 950.3398
A445 211 R 90 0 0 0 851.0431
A445 212 G 30 0 0 0 582.9151
A445 213 F 30 1 1 0 637.9579
A445 214 R 60 1 1 0 740.8662
A445 215 G 90 1 1 0 847.4312
A445 216 L 30 1 1 0 747.6512
A445 217 R 120 0 0 0 719.1378
A445 218 L 0 0 0 0 578.7333
A445 219 L 60 0 0 0 481.4844
A445 220 L 150 0 0 0 822.0045
A445 221 L 90 1 1 0 700.3362
A445 222 R 30 1 1 0 692.4092
A445 223 G 150 1 1 0 967.5579
A445 224 R 90 1 1 0 608.5218
A445 225 F 150 0 0 0 593.8501
A445 226 F 0 0 0 0 485.488
A445 227 G 150 0 0 0 780.714
A445 228 F 180 1 1 0 580.1952
A445 229 R 120 0 0 0 600.3959
A445 230 G 150 1 1 0 710.5068
A445 231 F 90 0 0 0 489.4142
A445 232 L 30 0 0 0 974.9731
A445 233 G 120 1 1 0 493.8885
A445 234 G 30 1 1 0 920.4145
A445 235 L 180 0 0 0 1160.6204
A445 236 F 90 0 0 0 650.5894
A445 237 L 150 0 0 0 538.721
A445 238 G 60 0 0 0 496.1614
A445 239 R 0 0 0 0 365.9328
A445 240 R 0 1 1 0 529.519
A445 241 G 0 1 1 0 542.9022
