E004 16 R 60 1 1 0 1080.9262
E004 17 F 120 1 1 0 864.1176
E004 18 L 150 1 0 1 894.524
E004 19 R 120 1 1 0 836.0389
E004 20 G 150 0 0 0 973.6955
E004 21 F 180 0 0 0 797.2097
E004 22 L 150 1 1 0 791.1078
E004 23 R 120 0 0 0 593.9783
E004 24 F 30 1 1 0 717.1864
E004 25 R 90 0 0 0 585.0037
E004 26 G 30 1 1 0 912.84
E004 27 R 150 0 0 0 745.5302
E004 28 R 90 0 0 0 582.4293
E004 29 L 120 0 1 1 601.955
E004 30 F 120 0 0 0 748.2529
E004 31 F 0 1 1 0 613.3425
E004 32 G 150 1 1 0 710.8755
E004 33 F 30 0 0 0 583.8541
E004 34 R 30 0 0 0 523.1397
E004 35 L 180 0 1 1 1036.5404
E004 36 F 30 1 1 0 721.1531
E004 37 L 30 0 0 0 539.3546
E004 38 R 60 0 0 0 520.7204
E004 39 G 60 0 0 0 582.3595
E004 40 G 90 1 1 0 712.0109
E004 41 G 120 0 0 0 625.2518
E004 42 G 60 1 1 0 647.3138
E004 43 L 90 0 0 0 660.744
E004 44 F 0 0 0 0 556.5501
E004 45 F 180 1 1 0 1083.524
E004 46 R 30 0 0 0 506.5107
E004 47 R 0 0 0 0 459.94
E004 48 L 30 1 1 0 622.5828
E004 49 L 120 1 1 0 832.3156
E004 50 L 0 1 0 1 495.368
E004 51 F 150 1 1 0 934.2995
E004 52 L 120 0 0 0 678.3452
E004 53 F 150 1 1 0 652.5382
E004 54 L 180 0 0 0 965.1903
E004 55 R 30 1 1 0 729.1695
E004 56 R 150 1 1 0 660.2328
E004 57 F 180 0 0 0 995.8531
E004 58 R 120 0 0 0 714.5769
E004 59 L 90 1 1 0 1013.4629
E004 60 G 30 0 0 0 731.3457
E004 61 G 150 1 1 0 633.4529
E004 62 G 30 1 1 0 795.2055
E004 63 F 30 0 0 0 607.1568
E004 64 G 90 0 0 0 779.3477
E004 65 L 0 0 0 0 771.1181
E004 66 G 30 0 0 0 532.2333
E004 67 L 0 0 0 0 528.7979
E004 68 R 150 0 0 0 787.0453
E004 69 F 60 0 0 0 558.3774
E004 70 L 60 0 0 0 526.7209
E004 71 G 60 0 0 0 567.8364
E004 72 G 120 0 0 0 646.7808
E004 73 R 90 1 1 0 681.4064
E004 74 R 90 1 1 0 885.6458
E004 75 L 60 0 0 0 685.353
E004 76 L 30 0 0 0 470.788
E004 77 G 180 0 0 0 887.5075
E004 78 R 0 0 0 0 621.8153
E004 79 L 60 1 1 0 610.4172
E004 80 L 30 1 1 0 607.5255
E004 81 G 120 1 1 0 970.4334
E004 82 L 60 1 1 0 677.0282
E004 83 L 0 1 1 0 535.9491
E004 84 F 0 1 1 0 1096.4986
E004 85 L 90 0 0 0 657.0137
E004 86 G 150 0 0 0 704.8427
E004 87 G 60 1 1 0 722.2144
E004 88 G 0 1 1 0 521.2112
E004 89 F 90 1 1 0 1028.0991
E004 90 G 180 1 1 0 660.8812
E004 91 R 180 1 1 0 679.1648
E004 92 L 120 1 1 0 748.8231
E004 93 R 0 1 1 0 720.6539
E004 94 F 180 1 1 0 960.448
E004 95 F 90 0 0 0 702.4368
E004 96 L 90 1 1 0 700.9897
E004 97 G 0 0 0 0 641.3796
E004 98 F 90 0 0 0 544.9788
E004 99 F 120 1 1 0 533.7452
E004 100 G 120 1 0 1 602.2444
E004 101 G 180 1 1 0 744.9061
E004 102 L 180 1 1 0 858.7069
E004 103 L 150 0 0 0 733.3309
E004 104 F 90 1 1 0 682.0766
E004 105 F 150 0 0 0 587.3621
E004 106 F 60 0 0 0 704.4524
E004 107 F 0 0 0 0 542.6704
E004 108 G 0 0 0 0 601.3323
E004 109 G 90 0 0 0 467.2965
E004 110 R 180 0 0 0 1083.9665
E004 111 R 120 1 1 0 663.315
E004 112 R 60 1 1 0 689.4773
E004 113 G 90 1 1 0 884.7697
E004 114 R 180 0 0 0 836.7323
E004 115 F 60 1 1 0 604.3084
E004 116 F 150 0 0 0 585.5898
E004 117 R 180 1 1 0 631.9851
E004 118 R 150 1 1 0 557.5709
E004 119 L 150 0 0 0 650.7866
E004 120 G 180 0 0 0 897.5565
E004 121 R 0 1 1 0 647.2918
E004 122 F 120 0 0 0 630.146
E004 123 R 30 1 1 0 738.8718
E004 124 L 180 1 1 0 1071.4856
E004 125 R 60 0 0 0 891.4401
E004 126 G 0 1 1 0 802.0494
E004 127 F 60 1 1 0 639.745
E004 128 F 90 0 0 0 654.0787
E004 129 R 90 0 0 0 490.0804
E004 130 R 30 1 1 0 525.9448
E004 131 R 30 0 0 0 553.6078
E004 132 G 30 0 0 0 499.0408
E004 133 R 180 0 0 0 719.2269
E004 134 G 30 1 1 0 550.2174
E004 135 G 60 1 1 0 679.5509
E004 136 L 180 1 0 1 876.4815
E004 137 F 120 0 0 0 588.5829
E004 138 F 60 1 1 0 881.4609
E004 139 R 120 1 1 0 1125.1589
E004 140 G 0 1 1 0 749.8593
E004 141 G 30 0 0 0 621.0937
E004 142 F 150 0 0 0 616.5996
E004 143 R 180 0 0 0 959.729
E004 144 R 90 1 1 0 629.9343
E004 145 L 120 0 0 0 634.888
E004 146 L 180 0 0 0 1284.4943
E004 147 L 60 1 1 0 572.1789
E004 148 R 120 0 0 0 546.7354
E004 149 F 60 0 0 0 518.1983
E004 150 L 120 1 1 0 614.6005
E004 151 G 60 0 0 0 516.5268
E004 152 F 180 1 1 0 733.0088
E004 153 R 90 0 0 0 562.2614
E004 154 F 150 0 0 0 598.24
E004 155 R 150 1 1 0 603.9617
E004 156 R 120 1 1 0 635.2553
E004 157 R 60 1 1 0 761.4856
E004 158 F 90 0 1 1 411.9613
E004 159 R 150 0 0 0 626.4204
E004 160 F 30 0 0 0 413.3936
E004 161 L 30 1 1 0 571.0849
E004 162 F 180 0 0 0 622.452
E004 163 L 60 0 0 0 562.4832
E004 164 F 150 1 1 0 598.5328
E004 165 R 180 1 1 0 708.3641
E004 166 L 120 0 0 0 558.9967
E004 167 R 30 0 0 0 546.8966
E004 168 F 120 1 1 0 543.2447
E004 169 F 0 0 0 0 510.378
E004 170 L 180 1 1 0 749.2645
E004 171 L 150 1 1 0 558.1478
E004 172 G 180 1 1 0 897.6158
E004 173 G 180 0 0 0 1415.5039
E004 174 G 150 0 0 0 608.4265
E004 175 G 60 0 0 0 480.9974
E004 176 F 60 1 1 0 672.1103
E004 177 R 0 0 0 0 543.9188
E004 178 L 90 1 1 0 609.3409
E004 179 R 60 1 1 0 661.795
E004 180 L 30 0 0 0 427.8873
E004 181 G 90 1 1 0 624.923
E004 182 F 90 1 1 0 964.6704
E004 183 F 30 1 1 0 522.886
E004 184 G 120 0 0 0 537.0135
E004 185 F 180 0 0 0 809.0506
E004 186 L 60 0 0 0 686.1878
E004 187 R 150 1 1 0 572.8041
E004 188 L 60 1 1 0 637.2332
E004 189 G 150 1 1 0 1217.9095
E004 190 L 0 0 0 0 632.2276
E004 191 L 30 0 0 0 476.5089
E004 192 L 0 1 1 0 535.7502
E004 193 G 150 1 1 0 678.7522
E004 194 L 150 0 0 0 667.517
E004 195 G 180 0 0 0 724.2976
E004 196 L 150 0 0 0 541.8172
E004 197 L 120 1 1 0 594.1476
E004 198 F 60 0 0 0 486.328
E004 199 L 90 0 0 0 647.0442
E004 200 G 120 0 0 0 512.6526
E004 201 F 90 1 1 0 584.4528
E004 202 G 60 1 1 0 671.7362
E004 203 R 0 1 1 0 813.871
E004 204 F 30 1 1 0 577.1468
E004 205 G 120 1 1 0 831.5009
E004 206 F 120 0 0 0 622.6917
E004 207 F 180 1 1 0 890.3017
E004 208 L 90 1 1 0 633.1436
E004 209 L 180 0 0 0 972.2331
E004 210 G 0 0 0 0 571.8313
E004 211 G 0 0 0 0 443.0753
E004 212 R 30 1 1 0 601.957
E004 213 G 90 0 0 0 667.5276
E004 214 F 120 1 1 0 562.8132
E004 215 R 150 0 0 0 593.2693
E004 216 L 0 1 1 0 682.8167
E004 217 L 0 0 0 0 448.3726
E004 218 G 120 1 1 0 705.2279
E004 219 G 180 1 1 0 796.849
E004 220 F 0 0 0 0 561.5303
E004 221 F 30 0 0 0 458.1744
E004 222 G 150 0 0 0 569.3388
E004 223 F 0 1 1 0 546.9435
E004 224 L 30 1 1 0 802.117
E004 225 R 0 0 0 0 509.3038
E004 226 L 150 1 1 0 651.6781
E004 227 F 150 1 1 0 646.9641
E004 228 R 90 1 1 0 570.3379
E004 229 G 90 1 1 0 605.0738
E004 230 R 60 0 0 0 544.7676
E004 231 R 0 1 1 0 544.6681
E004 232 F 0 1 1 0 522.71
E004 233 L 90 0 0 0 575.4664
E004 234 R 120 0 0 0 605.9237
E004 235 G 90 0 0 0 544.0275
E004 236 R 180 1 1 0 558.609
E004 237 R 60 0 0 0 542.9553
E004 238 G 0 1 1 0 773.5533
E004 239 G 30 1 1 0 688.4881
