E008 41 R 120 1 0 1 1882.0666
E008 42 R 180 0 9997 1 2000.0388
E008 43 F 90 1 0 1 923.0212
E008 44 G 120 1 0 1 1109.3145
E008 45 R 30 0 0 0 694.4556
E008 46 F 90 1 0 1 739.0847
E008 47 L 150 0 0 0 1083.1103
E008 48 R 90 0 0 0 581.3334
E008 49 F 90 0 0 0 562.9632
E008 50 L 120 1 0 1 889.803
E008 51 R 60 1 0 1 617.7486
E008 52 G 60 0 0 0 923.1439
E008 53 G 120 0 0 0 807.5406
E008 54 L 180 1 1 0 1083.6299
E008 55 R 180 1 0 1 1270.1681
E008 56 L 90 0 0 0 613.88
E008 57 G 90 0 0 0 450.7059
E008 58 L 30 0 0 0 634.779
E008 59 G 150 1 0 1 1167.2291
E008 60 L 120 1 0 1 1191.78
E008 61 R 90 1 0 1 589.088
E008 62 L 180 0 0 0 1606.4771
E008 63 R 0 1 0 1 539.3875
E008 64 L 60 1 0 1 1227.7762
E008 65 G 180 1 1 0 1348.9329
E008 66 L 90 1 0 1 827.5493
E008 67 G 150 0 0 0 1113.9407
E008 68 F 0 0 0 0 1316.3897
E008 69 F 60 0 0 0 789.2936
E008 70 R 120 0 9997 1 2000.0397
E008 71 F 120 1 0 1 636.1621
E008 72 L 0 0 0 0 487.3496
E008 73 R 90 0 0 0 450.7735
E008 74 G 90 0 0 0 495.7261
E008 75 F 90 0 0 0 695.623
E008 76 F 30 0 0 0 468.2467
E008 77 G 120 0 0 0 529.2779
E008 78 G 150 1 0 1 1305.2486
E008 79 F 150 0 0 0 815.3754
E008 80 F 180 1 1 0 855.4059
E008 81 L 30 1 1 0 1093.2339
E008 82 G 0 1 1 0 642.1621
E008 83 L 0 1 1 0 402.1017
E008 84 R 90 1 1 0 627.3867
E008 85 R 150 1 0 1 1044.202
E008 86 L 30 1 1 0 546.3404
E008 87 L 60 0 0 0 772.9717
E008 88 R 30 1 1 0 654.6955
E008 89 G 90 1 0 1 791.7741
E008 90 R 120 0 0 0 746.6569
E008 91 R 150 0 0 0 725.0874
E008 92 F 30 1 1 0 587.7317
E008 93 G 180 0 0 0 884.2962
E008 94 R 150 0 0 0 728.3753
E008 95 L 150 0 0 0 996.6554
E008 96 G 0 0 0 0 996.1216
E008 97 G 60 1 1 0 731.001
E008 98 G 150 0 0 0 813.2374
E008 99 G 30 1 1 0 779.0423
E008 100 R 30 0 0 0 720.4133
E008 101 L 120 0 1 1 1066.221
E008 102 L 180 0 1 1 1129.9403
E008 103 R 120 1 0 1 590.9273
E008 104 L 90 1 0 1 732.8806
E008 105 G 60 0 0 0 857.3581
E008 106 R 30 1 1 0 721.799
E008 107 F 180 0 0 0 896.0714
E008 108 R 60 0 0 0 670.8531
E008 109 R 180 0 0 0 773.7676
E008 110 F 0 1 1 0 802.8163
E008 111 F 0 0 0 0 754.1274
E008 112 F 180 0 0 0 766.3116
E008 113 F 30 0 0 0 524.4541
E008 114 G 30 0 0 0 464.506
E008 115 F 120 1 0 1 743.9689
E008 116 F 60 1 1 0 966.3114
E008 117 G 180 1 0 1 852.3159
E008 118 L 150 1 0 1 987.2
E008 119 F 150 1 1 0 1038.1501
E008 120 L 0 0 0 0 776.6521
E008 121 G 180 0 0 0 877.0989
E008 122 G 120 1 0 1 1184.65
E008 123 F 120 0 0 0 815.5017
E008 124 R 60 1 1 0 791.466
E008 125 R 0 0 0 0 664.4191
E008 126 L 150 1 0 1 853.197
E008 127 R 0 0 0 0 1055.561
E008 128 F 60 1 1 0 1006.4944
E008 129 G 30 1 1 0 638.4892
E008 130 R 180 1 0 1 702.8698
E008 131 F 180 1 0 1 779.1306
E008 132 L 180 1 0 1 690.4484
E008 133 G 90 1 0 1 817.2625
E008 134 F 150 0 0 0 769.2981
E008 135 R 60 0 0 0 564.5662
E008 136 G 60 1 1 0 712.9652
E008 137 G 0 0 0 0 820.0665
E008 138 L 90 0 0 0 716.4075
E008 139 L 120 0 0 0 761.9787
E008 140 F 120 0 0 0 523.2458
E008 141 L 60 1 0 1 581.4616
E008 142 G 30 0 0 0 927.3276
E008 143 F 150 1 0 1 600.1447
E008 144 F 0 1 1 0 560.5838
E008 145 R 150 1 0 1 1177.3737
E008 146 R 0 1 1 0 494.7755
E008 147 L 0 1 1 0 603.6183
E008 148 F 60 0 0 0 675.1763
E008 149 L 30 0 0 0 657.2715
E008 150 F 30 1 1 0 568.5438
E008 151 L 60 0 0 0 474.6422
E008 152 G 0 1 1 0 633.7618
E008 153 F 30 0 0 0 618.4755
E008 154 R 60 1 1 0 415.9897
E008 155 L 0 1 1 0 491.8921
E008 156 G 90 1 0 1 622.1347
E008 157 L 150 1 0 1 570.6083
E008 158 F 180 0 0 0 700.8726
E008 159 F 0 0 0 0 684.7814
E008 160 G 60 1 1 0 584.9956
E008 161 F 60 0 0 0 583.7211
E008 162 G 60 0 0 0 569.2494
E008 163 L 120 1 0 1 1041.0424
E008 164 F 30 1 1 0 515.4772
E008 165 G 60 1 1 0 577.1784
E008 166 R 60 0 0 0 511.5804
E008 167 G 120 1 0 1 881.4182
E008 168 G 150 1 1 0 992.8318
E008 169 F 180 0 1 1 626.1167
E008 170 R 180 1 1 0 673.9136
E008 171 L 120 0 0 0 855.3531
E008 172 F 60 1 1 0 809.9926
E008 173 R 120 1 0 1 994.1736
E008 174 L 180 0 1 1 479.7532
E008 175 F 120 0 0 0 1117.1951
E008 176 R 180 0 0 0 818.057
E008 177 R 120 1 0 1 552.516
E008 178 L 180 1 0 1 649.5448
E008 179 L 60 0 0 0 999.3756
E008 180 R 150 1 0 1 810.6041
E008 181 R 150 0 0 0 607.67
E008 182 G 90 0 0 0 610.0549
E008 183 L 30 1 1 0 545.6562
E008 184 R 180 0 0 0 789.3081
E008 185 R 60 1 0 1 813.093
E008 186 R 150 0 1 1 790.3787
E008 187 F 30 0 0 0 745.9079
E008 188 L 150 0 0 0 825.2434
E008 189 L 90 1 0 1 845.1834
E008 190 L 120 0 0 0 1379.3706
E008 191 F 90 0 0 0 831.2992
E008 192 F 120 0 0 0 549.6511
E008 193 R 0 0 0 0 1586.0153
E008 194 G 0 0 0 0 1151.688
E008 195 R 0 1 1 0 653.5565
E008 196 L 60 1 1 0 827.2093
E008 197 L 0 1 1 0 449.2808
E008 198 F 60 1 1 0 815.4464
E008 199 R 60 0 0 0 678.5566
E008 200 F 0 0 0 0 457.1548
E008 201 G 180 1 1 0 885.1441
E008 202 R 90 1 0 1 772.0604
E008 203 R 90 1 0 1 620.8253
E008 204 L 30 0 0 0 961.1976
E008 205 G 150 1 0 1 836.1649
E008 206 L 90 1 0 1 585.6672
E008 207 L 120 1 1 0 710.6761
E008 208 F 180 1 1 0 1022.3042
E008 209 F 150 1 0 1 1116.257
E008 210 G 30 1 1 0 1023.2504
E008 211 G 30 0 0 0 765.1338
E008 212 G 60 0 0 0 525.5484
E008 213 R 150 1 0 1 869.9025
E008 214 G 120 0 0 0 869.1674
E008 215 R 120 0 0 0 789.8116
E008 216 G 120 1 0 1 700.8458
E008 217 R 180 1 0 1 925.4525
E008 218 F 60 0 0 0 571.0938
E008 219 R 30 0 0 0 462.3847
E008 220 L 60 0 0 0 608.6402
E008 221 F 180 1 0 1 1245.4614
E008 222 G 0 1 1 0 807.7046
E008 223 R 0 1 1 0 501.4014
E008 224 G 90 1 1 0 993.1773
E008 225 F 90 1 1 0 956.3696
E008 226 G 120 0 0 0 812.7955
E008 227 G 30 0 0 0 548.9337
E008 228 F 30 1 1 0 576.49
E008 229 L 90 0 0 0 627.9116
E008 230 L 30 1 0 1 536.0586
E008 231 R 90 0 0 0 799.5133
E008 232 G 150 0 0 0 679.2064
E008 233 G 180 1 0 1 1116.9688
E008 234 L 90 0 0 0 737.6795
E008 235 G 150 0 0 0 651.3155
E008 236 R 90 0 0 0 938.1019
E008 237 L 30 0 0 0 721.4442
E008 238 G 180 0 0 0 794.608
E008 239 L 180 0 0 0 738.2162
E008 240 R 30 1 1 0 637.0385
E008 241 F 90 0 0 0 542.5888
E008 242 G 0 1 0 1 638.2512
E008 243 L 150 0 0 0 780.6478
E008 244 F 150 0 0 0 738.6699
E008 245 F 120 1 0 1 993.2503
E008 246 G 90 0 0 0 679.7431
E008 247 F 150 1 0 1 1617.2731
E008 248 F 150 0 1 1 1023.1191
E008 249 F 0 1 1 0 717.4124
E008 250 R 30 0 0 0 492.3377
E008 251 L 180 1 0 1 885.1427
E008 252 G 30 1 1 0 607.9789
E008 253 G 180 0 1 1 820.152
E008 254 F 0 1 1 0 573.8402
E008 255 R 30 1 1 0 516.7986
E008 256 R 0 0 0 0 600.2685
E008 257 L 0 0 1 1 819.1125
E008 258 R 120 0 0 0 1186.8341
E008 259 L 150 1 0 1 875.6303
E008 260 F 90 1 0 1 921.2716
E008 261 L 0 0 0 0 841.3351
E008 262 G 0 0 0 0 876.2538
E008 263 F 120 1 0 1 741.6465
E008 264 L 60 1 1 0 736.7012
