E009 20 F 60 1 1 0 1412.9296
E009 21 R 180 1 9997 1 2000.0419
E009 22 L 150 0 0 0 1399.6779
E009 23 G 180 0 0 0 1309.8302
E009 24 R 180 0 0 0 1064.0341
E009 25 G 60 1 1 0 1548.6823
E009 26 F 60 1 1 0 918.7947
E009 27 R 0 0 0 0 781.4259
E009 28 G 180 0 0 0 1284.7278
E009 29 G 0 1 1 0 1252.1156
E009 30 G 120 0 0 0 838.6963
E009 31 L 120 1 1 0 994.1051
E009 32 F 0 0 0 0 887.7139
E009 33 G 120 1 1 0 1045.6209
E009 34 F 180 0 9997 1 2000.0383
E009 35 F 120 1 1 0 766.8799
E009 36 F 60 0 0 0 653.416
E009 37 L 60 0 0 0 686.7079
E009 38 G 90 1 1 0 898.6723
E009 39 L 30 0 0 0 907.8408
E009 40 F 180 1 1 0 863.8757
E009 41 F 0 1 1 0 856.1286
E009 42 L 30 0 0 0 692.2715
E009 43 R 120 1 1 0 695.8449
E009 44 R 30 0 0 0 780.3841
E009 45 G 180 1 1 0 598.0858
E009 46 L 90 0 0 0 725.6336
E009 47 F 150 1 1 0 836.96
E009 48 R 150 1 1 0 790.0272
E009 49 F 90 1 1 0 603.2594
E009 50 L 90 1 1 0 733.9894
E009 51 R 60 0 0 0 568.0186
E009 52 G 0 1 1 0 975.0667
E009 53 R 30 0 0 0 545.0084
E009 54 R 120 0 0 0 986.2128
E009 55 G 120 1 1 0 647.8583
E009 56 R 60 1 1 0 646.3919
E009 57 F 90 0 0 0 509.6522
E009 58 L 0 1 1 0 925.4581
E009 59 F 120 0 0 0 570.6798
E009 60 F 30 0 0 0 568.0423
E009 61 R 90 1 1 0 600.1889
E009 62 L 150 1 1 0 708.7599
E009 63 G 30 1 1 0 563.5755
E009 64 L 150 0 0 0 891.8167
E009 65 R 120 1 1 0 596.7591
E009 66 L 60 0 0 0 642.6976
E009 67 L 0 1 1 0 641.6201
E009 68 G 90 0 0 0 817.9414
E009 69 L 0 0 0 0 570.2317
E009 70 R 150 1 1 0 638.8362
E009 71 G 150 0 1 1 742.5991
E009 72 R 0 1 1 0 726.8868
E009 73 R 150 0 0 0 710.7493
E009 74 F 90 1 1 0 661.4681
E009 75 F 30 1 1 0 690.2735
E009 76 L 0 0 0 0 588.753
E009 77 F 180 1 1 0 696.4556
E009 78 G 30 0 0 0 538.0715
E009 79 L 30 1 1 0 620.1587
E009 80 R 150 0 0 0 648.766
E009 81 F 60 0 0 0 1384.3581
E009 82 R 30 1 1 0 614.3873
E009 83 G 60 0 0 0 700.6592
E009 84 F 0 0 0 0 606.3069
E009 85 R 0 1 1 0 527.1167
E009 86 G 120 0 0 0 593.8841
E009 87 F 120 0 0 0 574.2017
E009 88 G 30 0 0 0 549.1416
E009 89 G 150 0 0 0 617.8509
E009 90 G 150 1 1 0 627.2635
E009 91 G 150 1 1 0 586.7891
E009 92 R 180 1 1 0 1092.2304
E009 93 R 60 1 1 0 786.2773
E009 94 L 150 1 1 0 1455.2892
E009 95 L 60 1 1 0 1126.2281
E009 96 G 60 1 1 0 761.8692
E009 97 F 150 0 0 0 1219.3061
E009 98 R 90 0 0 0 820.4171
E009 99 F 90 0 0 0 969.1883
E009 100 F 30 0 0 0 541.6029
E009 101 R 0 0 0 0 662.8116
E009 102 L 60 1 1 0 737.8603
E009 103 R 90 0 0 0 844.8381
E009 104 F 0 1 1 0 600.5911
E009 105 R 180 0 0 0 1166.8206
E009 106 L 180 1 1 0 1069.3222
E009 107 R 60 0 0 0 905.5
E009 108 L 180 0 0 0 1446.2436
E009 109 L 180 1 1 0 857.2154
E009 110 F 180 0 0 0 1638.8172
E009 111 L 30 1 1 0 987.119
E009 112 L 120 0 0 0 759.0814
E009 113 G 60 0 0 0 799.3477
E009 114 F 150 1 1 0 742.9623
E009 115 R 120 0 0 0 741.9482
E009 116 L 120 0 0 0 796.9287
E009 117 G 180 1 1 0 874.8609
E009 118 L 180 0 0 0 1187.4945
E009 119 L 90 1 1 0 1094.7908
E009 120 L 90 0 0 0 797.9461
E009 121 R 90 1 1 0 768.7399
E009 122 G 30 1 1 0 734.8054
E009 123 G 90 0 0 0 733.0761
E009 124 F 150 0 0 0 1003.0677
E009 125 G 0 0 0 0 908.0947
E009 126 F 120 1 1 0 661.4598
E009 127 G 90 1 1 0 594.1331
E009 128 G 0 0 0 0 866.3397
E009 129 F 30 1 1 0 663.8226
E009 130 L 120 1 1 0 696.5056
E009 131 R 30 1 1 0 1177.715
E009 132 L 180 0 0 0 1227.4775
E009 133 G 180 0 0 0 1592.8714
E009 134 G 150 1 1 0 697.3853
E009 135 L 0 1 1 0 776.0984
E009 136 L 120 0 9997 1 2000.0399
E009 137 G 60 0 9997 1 2000.04
E009 138 R 30 0 9997 1 2000.0372
E009 139 L 150 1 1 0 663.1985
E009 140 F 150 1 1 0 652.9282
E009 141 L 150 0 9997 1 2000.0397
E009 142 L 150 1 1 0 822.8426
E009 143 G 90 0 0 0 757.3175
E009 144 F 30 0 0 0 615.2497
E009 145 G 120 0 0 0 608.4248
E009 146 F 60 1 1 0 626.0368
E009 147 F 60 0 0 0 672.5006
E009 148 R 30 1 1 0 532.3895
E009 149 G 120 0 0 0 717.5113
E009 150 G 120 1 1 0 656.9994
E009 151 L 60 0 0 0 935.1292
E009 152 F 180 1 1 0 1025.0378
E009 153 G 0 0 0 0 873.8306
E009 154 G 30 0 0 0 569.5794
E009 155 R 0 0 0 0 651.164
E009 156 L 180 1 1 0 874.4329
E009 157 R 90 0 0 0 623.6044
E009 158 L 90 1 1 0 606.5888
E009 159 F 180 0 0 0 1234.753
E009 160 G 0 1 1 0 1059.1933
E009 161 G 30 1 1 0 648.5903
E009 162 R 180 1 1 0 948.4823
E009 163 R 30 1 1 0 851.6529
E009 164 G 30 0 0 0 1273.3412
E009 165 G 180 0 0 0 883.519
E009 166 L 150 0 0 0 836.5376
E009 167 F 150 0 0 0 836.9726
E009 168 F 30 0 0 0 566.8838
E009 169 F 0 1 1 0 717.5686
E009 170 L 60 1 1 0 711.7885
E009 171 G 90 0 0 0 801.3058
E009 172 R 90 0 0 0 1154.82
E009 173 L 30 0 0 0 632.7561
E009 174 R 150 1 1 0 754.0187
E009 175 L 60 1 1 0 659.5162
E009 176 R 90 1 1 0 607.6281
E009 177 L 120 1 1 0 631.5113
E009 178 F 60 0 0 0 703.3036
E009 179 R 150 1 1 0 745.7518
E009 180 R 60 1 1 0 688.6032
E009 181 G 60 1 1 0 629.68
E009 182 F 150 1 1 0 552.7116
E009 183 F 120 1 1 0 466.4347
E009 184 F 90 1 1 0 498.4994
E009 185 R 0 1 1 0 816.7912
E009 186 R 0 1 1 0 535.1806
E009 187 R 120 1 1 0 708.29
E009 188 F 60 1 1 0 1418.2694
E009 189 L 30 1 1 0 790.4871
E009 190 R 90 1 1 0 933.0124
E009 191 R 150 0 0 0 910.1972
E009 192 L 120 1 1 0 805.8756
E009 193 G 150 0 0 0 886.9493
E009 194 L 60 0 0 0 630.0787
E009 195 G 0 1 1 0 693.3323
E009 196 G 180 1 1 0 1228.8785
E009 197 F 30 1 1 0 1347.8216
E009 198 R 120 0 0 0 737.9443
E009 199 G 150 1 1 0 614.3362
E009 200 F 90 1 1 0 634.9874
E009 201 F 120 1 1 0 742.172
E009 202 R 180 1 1 0 1179.9536
E009 203 G 30 1 1 0 785.7018
E009 204 R 120 0 0 0 879.3489
E009 205 R 150 0 0 0 556.7303
E009 206 F 90 0 0 0 719.7233
E009 207 L 180 0 0 0 913.456
E009 208 G 60 0 0 0 549.6548
E009 209 L 90 1 1 0 677.7948
E009 210 F 0 1 1 0 719.0372
E009 211 R 120 1 1 0 618.5526
E009 212 F 120 0 0 0 561.4778
E009 213 R 60 0 0 0 956.7923
E009 214 R 180 0 0 0 855.98
E009 215 F 150 0 0 0 716.8635
E009 216 G 90 1 1 0 729.5561
E009 217 R 180 0 0 0 1386.0083
E009 218 L 30 1 1 0 651.6496
E009 219 R 30 0 0 0 679.8177
E009 220 G 180 1 1 0 828.8322
E009 221 G 90 1 1 0 520.6625
E009 222 L 0 0 0 0 625.3409
E009 223 L 90 0 0 0 757.6186
E009 224 F 0 0 0 0 920.9176
E009 225 L 90 0 0 0 738.2349
E009 226 F 120 0 0 0 575.5198
E009 227 F 30 1 1 0 658.7971
E009 228 F 180 1 1 0 712.4277
E009 229 F 90 0 0 0 631.8177
E009 230 R 60 0 0 0 621.3706
E009 231 G 60 1 1 0 646.0246
E009 232 G 120 1 1 0 570.7954
E009 233 F 180 0 0 0 873.6342
E009 234 F 0 0 0 0 724.1119
E009 235 R 0 0 0 0 902.5544
E009 236 L 0 1 1 0 850.9459
E009 237 L 30 0 0 0 567.6356
E009 238 R 60 1 1 0 912.4308
E009 239 L 120 0 0 0 1384.7802
E009 240 G 0 0 0 0 604.8372
E009 241 G 150 0 0 0 913.472
E009 242 L 0 0 0 0 587.9465
E009 243 L 180 1 1 0 883.3315
