B998 27 G 30 0 1 1 552.0341
B998 28 L 180 1 0 1 1143.5129
B998 29 G 150 0 1 1 1054.6695
B998 30 R 180 0 1 1 1311.8544
B998 31 L 60 0 1 1 555.5469
B998 32 L 30 1 0 1 771.9551
B998 33 F 0 1 1 0 794.1685
B998 34 L 90 1 9997 1 2000.0388
B998 35 F 30 1 0 1 1651.2506
B998 36 F 120 0 0 0 1803.097
B998 37 F 180 1 1 0 219.4184
B998 38 R 150 0 1 1 960.747
B998 39 F 150 0 1 1 568.6664
B998 40 G 30 1 1 0 1425.3041
B998 41 G 120 1 0 1 560.6087
B998 42 R 0 1 0 1 814.6041
B998 43 F 0 0 1 1 901.3676
B998 44 G 60 1 0 1 1883.1731
B998 45 L 30 1 0 1 1155.5773
B998 46 G 120 1 0 1 866.2704
B998 47 G 150 0 0 0 1464.8228
B998 48 R 180 1 9997 1 2000.0408
B998 49 G 0 0 0 0 1190.6826
B998 50 G 150 1 0 1 1204.8308
B998 51 L 120 0 0 0 964.5885
B998 52 L 90 1 1 0 644.5319
B998 53 R 30 1 1 0 1095.085
B998 54 F 150 1 1 0 1321.4685
B998 55 G 60 0 0 0 792.4203
B998 56 F 90 1 1 0 795.4285
B998 57 R 0 0 0 0 567.6272
B998 58 L 120 0 0 0 733.2803
B998 59 F 30 0 0 0 659.7305
B998 60 R 150 0 0 0 1357.2898
B998 61 L 120 1 1 0 820.3923
B998 62 F 180 1 1 0 1087.7039
B998 63 L 0 1 1 0 1058.2473
B998 64 F 30 1 1 0 1048.2335
B998 65 L 0 0 0 0 419.6413
B998 66 L 0 1 1 0 666.8906
B998 67 F 120 0 0 0 1184.0524
B998 68 F 0 0 0 0 606.1748
B998 69 L 150 1 1 0 625.8181
B998 70 G 180 1 1 0 1790.4488
B998 71 R 90 0 0 0 759.3837
B998 72 G 0 1 1 0 728.6993
B998 73 F 60 1 1 0 1155.9519
B998 74 L 60 1 1 0 526.3744
B998 75 G 30 1 1 0 950.0794
B998 76 R 90 1 1 0 1289.4549
B998 77 L 180 0 0 0 1466.6546
B998 78 L 60 1 1 0 760.6104
B998 79 F 180 0 0 0 1460.758
B998 80 F 120 1 1 0 1106.6275
B998 81 L 30 0 0 0 545.4953
B998 82 G 90 0 0 0 760.0089
B998 83 F 30 0 0 0 681.6123
B998 84 L 120 1 1 0 618.601
B998 85 L 150 0 0 0 1131.1359
B998 86 F 90 0 0 0 1213.5827
B998 87 F 60 1 1 0 506.92
B998 88 R 60 0 0 0 509.9472
B998 89 R 90 0 0 0 559.2004
B998 90 G 120 0 0 0 662.8021
B998 91 G 60 1 1 0 567.6789
B998 92 R 30 1 1 0 1056.4703
B998 93 G 0 1 1 0 751.6723
B998 94 F 60 0 0 0 454.6829
B998 95 F 150 0 0 0 673.9167
B998 96 F 120 1 1 0 492.7414
B998 97 G 30 0 0 0 567.0151
B998 98 R 180 1 1 0 964.9224
B998 99 F 150 1 1 0 910.8208
B998 100 R 180 0 0 0 710.5364
B998 101 L 60 0 0 0 600.4054
B998 102 R 120 0 0 0 486.8563
B998 103 G 60 0 0 0 617.0812
B998 104 R 120 1 1 0 496.6167
B998 105 L 180 0 0 0 914.0645
B998 106 R 90 1 1 0 479.157
B998 107 G 90 1 1 0 752.0579
B998 108 F 180 0 0 0 895.432
B998 109 F 60 0 0 0 490.4151
B998 110 F 90 0 0 0 524.6172
B998 111 F 0 1 1 0 722.0636
B998 112 R 0 0 0 0 493.6398
B998 113 G 90 0 0 0 662.9315
B998 114 R 150 1 1 0 487.2197
B998 115 L 90 0 0 0 758.1321
B998 116 R 60 1 1 0 1007.9161
B998 117 L 30 0 0 0 442.3311
B998 118 G 90 1 1 0 604.6858
B998 119 F 90 1 1 0 737.9016
B998 120 R 150 1 1 0 1408.5276
B998 121 R 0 1 1 0 836.6262
B998 122 L 0 0 0 0 408.4798
B998 123 R 60 0 0 0 733.3583
B998 124 G 120 0 0 0 1263.0373
B998 125 R 120 0 0 0 599.6717
B998 126 R 60 1 1 0 655.2805
B998 127 L 150 1 1 0 701.6928
B998 128 L 180 1 1 0 939.5029
B998 129 L 150 0 0 0 896.1522
B998 130 G 0 0 0 0 538.3352
B998 131 G 180 1 1 0 582.6143
B998 132 R 120 1 1 0 1164.3871
B998 133 G 150 1 1 0 630.8788
B998 134 R 30 0 0 0 457.9428
B998 135 G 180 0 0 0 1325.231
B998 136 G 180 0 0 0 545.171
B998 137 L 90 0 0 0 617.9864
B998 138 R 30 0 0 0 392.132
B998 139 R 60 1 1 0 662.4973
B998 140 L 30 1 1 0 960.1642
B998 141 R 60 1 1 0 520.6463
B998 142 R 0 0 0 0 453.4744
B998 143 R 30 0 0 0 448.1922
B998 144 F 90 1 1 0 658.1146
B998 145 F 60 1 1 0 486.0696
B998 146 L 60 0 0 0 452.0158
B998 147 R 0 0 0 0 584.824
B998 148 L 150 0 1 1 397.117
B998 149 R 0 1 1 0 570.8293
B998 150 R 90 1 1 0 902.5429
B998 151 R 90 0 0 0 740.6313
B998 152 L 60 0 0 0 421.6019
B998 153 G 150 1 1 0 527.0111
B998 154 G 180 1 1 0 590.011
B998 155 G 0 1 1 0 792.4239
B998 156 L 120 1 1 0 520.1723
B998 157 R 150 0 1 1 580.9895
B998 158 G 90 1 1 0 695.1509
B998 159 F 60 1 1 0 785.4808
B998 160 F 60 0 0 0 479.6632
B998 161 R 120 1 1 0 478.3401
B998 162 R 30 1 1 0 879.7618
B998 163 R 90 1 1 0 449.8764
B998 164 F 120 1 1 0 952.2238
B998 165 G 30 1 1 0 1070.6098
B998 166 F 150 1 1 0 747.4743
B998 167 L 30 0 0 0 600.7859
B998 168 F 0 1 1 0 1038.9871
B998 169 L 180 1 1 0 849.149
B998 170 L 0 0 0 0 370.0222
B998 171 F 30 0 0 0 518.2276
B998 172 L 90 0 0 0 561.8966
B998 173 L 180 1 1 0 541.4283
B998 174 G 180 0 0 0 1218.9608
B998 175 F 60 0 0 0 440.3945
B998 176 F 150 1 1 0 592.2954
B998 177 F 150 0 0 0 636.2208
B998 178 R 120 0 0 0 466.6987
B998 179 R 120 1 1 0 532.7956
B998 180 R 30 0 0 0 389.7364
B998 181 L 180 0 0 0 753.8866
B998 182 R 150 0 0 0 534.9202
B998 183 L 150 1 1 0 1231.3473
B998 184 G 120 0 0 0 455.0263
B998 185 F 30 1 1 0 749.8746
B998 186 G 0 1 1 0 779.4885
B998 187 L 150 1 1 0 573.2416
B998 188 L 0 1 1 0 390.9874
B998 189 G 90 0 0 0 415.7255
B998 190 L 120 0 0 0 479.6808
B998 191 G 30 0 0 0 534.6082
B998 192 L 120 0 0 0 550.3834
B998 193 F 180 0 1 1 464.9812
B998 194 G 150 0 0 0 802.5889
B998 195 L 90 1 1 0 569.8163
B998 196 R 150 1 1 0 597.931
B998 197 G 30 0 0 0 561.4367
B998 198 F 120 0 0 0 480.3664
B998 199 G 120 0 0 0 413.7048
B998 200 G 60 1 1 0 503.3648
B998 201 L 90 0 0 0 446.9772
B998 202 G 0 0 0 0 455.8292
B998 203 L 60 1 1 0 601.2817
B998 204 F 30 1 1 0 740.3284
B998 205 F 90 0 0 0 621.4768
B998 206 R 0 1 1 0 427.4582
B998 207 G 150 0 0 0 605.7454
B998 208 R 180 1 1 0 684.2252
B998 209 F 0 0 0 0 407.9938
B998 210 L 30 1 1 0 463.0122
B998 211 R 120 0 0 0 652.5265
B998 212 L 60 1 1 0 425.0049
B998 213 F 0 1 1 0 614.3711
B998 214 G 180 1 1 0 1323.7571
B998 215 G 60 0 0 0 539.6113
B998 216 G 60 0 0 0 390.8715
B998 217 F 180 0 0 0 1340.7257
B998 218 F 30 0 1 1 403.3717
B998 219 G 150 1 1 0 1068.8858
B998 220 R 180 0 0 0 761.6817
B998 221 R 60 0 0 0 444.5937
B998 222 G 120 1 1 0 731.6944
B998 223 R 180 0 0 0 728.3197
B998 224 R 60 0 0 0 477.5903
B998 225 F 120 0 0 0 509.2915
B998 226 F 180 1 1 0 648.9409
B998 227 R 90 0 0 0 454.5553
B998 228 F 90 0 0 0 449.3904
B998 229 L 90 1 1 0 366.8156
B998 230 F 180 1 1 0 1254.1334
B998 231 L 0 1 1 0 816.1364
B998 232 G 60 1 1 0 787.2836
B998 233 F 90 1 1 0 438.7826
B998 234 G 30 1 1 0 577.6676
B998 235 L 120 1 1 0 759.92
B998 236 L 30 0 1 1 532.5632
B998 237 G 120 1 1 0 587.9258
B998 238 F 120 1 1 0 559.767
B998 239 L 0 0 0 0 423.1362
B998 240 R 30 1 1 0 557.1337
B998 241 G 90 1 1 0 963.3657
B998 242 L 150 0 1 1 599.0197
B998 243 L 180 0 0 0 907.4505
B998 244 R 180 1 1 0 810.9989
B998 245 G 90 0 0 0 645.9416
B998 246 G 180 0 1 1 638.1034
B998 247 R 150 1 1 0 654.4924
B998 248 G 0 0 0 0 527.2801
B998 249 F 0 0 0 0 529.072
B998 250 F 150 0 0 0 741.223
