B001 17 R 60 0 1 1 1311.4214
B001 18 F 150 1 0 1 942.2033
B001 19 F 90 1 1 0 1127.5176
B001 20 L 150 0 0 0 1334.1039
B001 21 G 180 0 0 0 1313.9
B001 22 L 30 1 1 0 795.2899
B001 23 F 60 0 0 0 1029.2582
B001 24 R 30 1 1 0 733.2968
B001 25 R 0 0 0 0 590.0982
B001 26 G 180 0 0 0 1151.4352
B001 27 R 120 1 1 0 925.2964
B001 28 G 30 1 1 0 1253.2855
B001 29 F 120 1 1 0 1055.7465
B001 30 L 0 0 0 0 732.164
B001 31 F 0 1 1 0 541.3227
B001 32 R 60 0 0 0 906.6918
B001 33 R 150 1 1 0 1079.4512
B001 34 F 90 1 1 0 609.0548
B001 35 G 60 0 1 1 615.9811
B001 36 G 120 0 0 0 838.0532
B001 37 F 180 1 1 0 1522.3102
B001 38 R 150 0 9997 1 2000.0394
B001 39 L 180 1 1 0 1367.8451
B001 40 L 60 0 0 0 683.631
B001 41 G 0 0 0 0 846.9576
B001 42 F 150 1 1 0 1137.7929
B001 43 G 30 0 0 0 683.7911
B001 44 R 30 0 0 0 584.8389
B001 45 G 150 1 1 0 1225.9396
B001 46 R 90 1 1 0 694.5953
B001 47 G 60 1 1 0 1246.2891
B001 48 L 150 0 0 0 925.902
B001 49 L 30 0 0 0 508.2688
B001 50 L 120 0 0 0 467.1996
B001 51 F 180 0 0 0 1293.5124
B001 52 F 60 0 0 0 606.3271
B001 53 G 0 0 0 0 1052.1195
B001 54 F 120 0 0 0 613.3738
B001 55 R 0 0 0 0 566.7575
B001 56 R 90 1 1 0 681.1572
B001 57 L 150 1 0 1 924.494
B001 58 G 90 0 1 1 202.3319
B001 59 F 30 1 1 0 1562.4835
B001 60 R 90 0 0 0 761.0112
B001 61 G 0 1 1 0 944.391
B001 62 R 60 1 1 0 830.172
B001 63 L 150 1 1 0 1020.3314
B001 64 F 120 0 0 0 508.4479
B001 65 R 180 1 1 0 1297.3587
B001 66 G 180 1 1 0 548.2186
B001 67 R 180 0 1 1 1008.819
B001 68 L 90 1 1 0 1279.0126
B001 69 F 30 0 0 0 645.2697
B001 70 R 120 1 1 0 788.0155
B001 71 R 150 1 1 0 714.4531
B001 72 G 0 1 1 0 663.1083
B001 73 R 30 0 0 0 738.9682
B001 74 L 120 1 1 0 1579.6301
B001 75 F 60 1 1 0 1045.0487
B001 76 G 150 0 0 0 1133.363
B001 77 F 0 0 0 0 1138.0228
B001 78 L 30 1 0 1 657.6336
B001 79 R 150 0 0 0 1095.1065
B001 80 F 30 0 9997 1 2000.0394
B001 81 L 90 0 0 0 723.3796
B001 82 R 180 0 0 0 860.5865
B001 83 F 120 1 1 0 653.2699
B001 84 L 120 1 0 1 632.5039
B001 85 R 120 0 0 0 704.5088
B001 86 L 120 0 1 1 735.7997
B001 87 L 90 1 0 1 858.2943
B001 88 G 30 0 9997 1 2000.0196
B001 89 L 180 0 0 0 906.0501
B001 90 L 60 1 1 0 897.3319
B001 91 F 150 0 0 0 745.4911
B001 92 L 30 0 0 0 860.8262
B001 93 F 90 0 0 0 682.3015
B001 94 R 180 1 1 0 804.7752
B001 95 G 120 1 1 0 913.1859
B001 96 R 0 1 1 0 768.8134
B001 97 L 0 1 1 0 846.9965
B001 98 L 0 0 0 0 748.0713
B001 99 G 150 0 0 0 861.8269
B001 100 L 180 1 1 0 1195.8612
B001 101 F 90 0 0 0 639.4324
B001 102 F 180 0 0 0 951.07
B001 103 G 90 1 1 0 686.4981
B001 104 L 60 0 0 0 578.4294
B001 105 F 0 0 0 0 585.3202
B001 106 R 90 0 0 0 559.463
B001 107 G 120 0 0 0 692.2142
B001 108 R 60 1 1 0 746.4275
B001 109 L 180 0 0 0 866.6423
B001 110 F 60 1 0 1 1159.8105
B001 111 F 150 0 1 1 358.6408
B001 112 L 90 0 0 0 556.7861
B001 113 L 0 1 1 0 741.0752
B001 114 R 120 0 0 0 845.3661
B001 115 F 30 1 1 0 599.4801
B001 116 G 90 0 0 0 615.5735
B001 117 G 90 1 1 0 1108.8149
B001 118 G 180 1 1 0 787.5669
B001 119 G 60 0 1 1 596.3856
B001 120 F 0 1 1 0 928.1026
B001 121 G 150 1 0 1 934.6716
B001 122 G 120 1 1 0 367.102
B001 123 L 60 1 1 0 793.3137
B001 124 G 30 1 1 0 1030.3086
B001 125 R 0 1 1 0 736.0212
B001 126 F 180 1 0 1 1586.7994
B001 127 G 60 1 1 0 1148.8913
B001 128 R 30 1 1 0 1276.5407
B001 129 L 120 1 1 0 827.1632
B001 130 L 0 0 1 1 920.8528
B001 131 R 90 1 1 0 688.1227
B001 132 G 180 0 1 1 669.594
B001 133 L 120 0 0 0 1018.5814
B001 134 F 60 0 0 0 1705.9302
B001 135 L 60 1 1 0 891.8363
B001 136 G 30 0 0 0 787.2258
B001 137 R 150 0 0 0 924.0473
B001 138 G 90 0 0 0 558.2553
B001 139 R 30 0 0 0 420.4755
B001 140 R 120 0 0 0 422.9943
B001 141 L 90 0 0 0 744.6217
B001 142 G 60 0 0 0 556.4738
B001 143 G 150 1 1 0 871.9005
B001 144 F 120 1 0 1 747.0338
B001 145 L 0 1 0 1 574.6976
B001 146 R 30 1 1 0 941.8183
B001 147 G 150 0 0 0 694.6732
B001 148 R 60 1 1 0 1261.4064
B001 149 L 60 1 0 1 722.2298
B001 150 G 60 1 1 0 983.8977
B001 151 R 90 1 1 0 601.1535
B001 152 F 150 0 0 0 791.8319
B001 153 R 0 1 1 0 733.496
B001 154 R 120 1 1 0 815.2908
B001 155 F 180 1 1 0 1433.0109
B001 156 R 150 0 0 0 692.0204
B001 157 G 90 1 1 0 738.507
B001 158 L 180 0 0 0 1428.709
B001 159 L 0 1 1 0 749.9702
B001 160 R 60 0 0 0 667.2669
B001 161 G 120 1 1 0 1336.0441
B001 162 F 150 1 1 0 647.589
B001 163 F 30 1 1 0 625.3778
B001 164 L 90 1 1 0 665.0815
B001 165 L 150 1 1 0 552.4071
B001 166 G 60 1 1 0 632.6623
B001 167 L 150 0 0 0 761.9823
B001 168 G 0 1 1 0 502.0468
B001 169 R 60 1 1 0 520.5254
B001 170 R 0 1 1 0 1093.4013
B001 171 L 150 1 1 0 780.4461
B001 172 G 120 0 0 0 643.931
B001 173 R 120 0 0 0 713.2711
B001 174 F 0 1 1 0 779.767
B001 175 G 90 0 0 0 637.3877
B001 176 R 180 0 0 0 1376.7116
B001 177 G 0 1 1 0 729.5064
B001 178 F 30 0 0 0 666.8853
B001 179 F 30 0 0 0 471.3482
B001 180 G 60 0 0 0 911.5075
B001 181 L 30 0 0 0 630.7338
B001 182 L 30 0 0 0 354.6141
B001 183 L 60 0 0 0 409.3822
B001 184 R 30 1 1 0 1295.6703
B001 185 F 60 0 0 0 1340.0158
B001 186 F 90 0 0 0 654.1164
B001 187 G 150 1 1 0 916.6439
B001 188 G 90 1 1 0 686.7613
B001 189 G 150 0 1 1 486.1073
B001 190 R 90 0 0 0 835.538
B001 191 F 120 0 0 0 674.2259
B001 192 F 60 1 1 0 567.8224
B001 193 R 180 0 0 0 788.1739
B001 194 G 0 0 0 0 619.7818
B001 195 F 90 1 1 0 648.9808
B001 196 L 90 0 0 0 652.6198
B001 197 R 30 0 0 0 568.4929
B001 198 R 180 1 1 0 891.7524
B001 199 G 30 1 1 0 670.2986
B001 200 L 30 1 1 0 574.3032
B001 201 F 90 1 1 0 496.3902
B001 202 G 0 0 0 0 506.6166
B001 203 G 120 1 1 0 1247.7631
B001 204 L 30 1 1 0 456.5533
B001 205 R 60 0 0 0 482.4013
B001 206 L 90 1 1 0 577.4279
B001 207 L 120 1 1 0 532.8999
B001 208 R 150 1 1 0 997.3008
B001 209 F 30 1 1 0 523.9417
B001 210 R 0 0 0 0 565.5627
B001 211 F 120 1 1 0 632.346
B001 212 R 0 0 0 0 577.6676
B001 213 F 90 0 0 0 620.0679
B001 214 F 180 0 0 0 458.1462
B001 215 F 0 0 0 0 470.9998
B001 216 F 180 0 0 0 565.2132
B001 217 F 150 1 0 1 480.349
B001 218 L 60 0 9997 1 2000.0391
B001 219 F 150 0 0 0 671.1308
B001 220 G 180 1 1 0 664.2096
B001 221 F 0 1 1 0 671.199
B001 222 G 180 1 1 0 1008.7218
B001 223 L 120 0 0 0 860.1627
B001 224 F 120 0 0 0 612.9162
B001 225 G 30 1 1 0 774.9882
B001 226 F 60 1 1 0 653.7412
B001 227 F 180 1 1 0 1007.901
B001 228 G 120 0 1 1 451.3468
B001 229 L 150 0 0 0 646.871
B001 230 R 90 0 0 0 618.5434
B001 231 L 0 0 0 0 533.2583
B001 232 L 180 1 1 0 803.4429
B001 233 R 180 1 1 0 914.0575
B001 234 G 30 0 0 0 642.1637
B001 235 R 120 1 1 0 1444.2003
B001 236 G 180 0 0 0 882.6619
B001 237 L 180 1 1 0 924.91
B001 238 F 0 0 0 0 557.1934
B001 239 R 150 1 1 0 868.6875
B001 240 L 180 0 0 0 1263.6698
