D002 44 F 180 0 9997 1 2000.047
D002 45 G 90 0 9997 1 2000.023
D002 46 R 180 1 9997 1 2000.025
D002 47 F 180 1 9997 1 2000.026
D002 48 R 90 0 9997 1 2000.024
D002 49 G 180 1 9997 1 2000.025
D002 50 L 90 1 9997 1 2000.024
D002 51 R 180 0 1 1 1429.029
D002 52 R 60 1 0 1 567.411
D002 53 L 120 0 1 1 559.603
D002 54 F 60 0 1 1 561.065
D002 55 F 150 1 0 1 729.072
D002 56 F 120 0 1 1 689.566
D002 57 G 120 1 0 1 791.956
D002 58 G 60 0 1 1 608.187
D002 59 R 120 0 1 1 663.033
D002 60 L 0 0 1 1 626.68
D002 61 L 150 0 1 1 875
D002 62 L 0 1 0 1 707.352
D002 63 G 60 1 9997 1 2000.024
D002 64 G 90 0 1 1 898.414
D002 65 F 150 0 0 0 984.053
D002 66 F 0 1 1 0 682.779
D002 67 L 30 1 1 0 1018.074
D002 68 G 0 1 1 0 928.555
D002 69 R 60 0 0 0 935.955
D002 70 R 150 0 1 1 811.53
D002 71 R 30 0 0 0 591.04
D002 72 L 120 1 1 0 545.382
D002 73 R 30 1 1 0 736.468
D002 74 F 60 1 0 1 735.826
D002 75 L 180 1 1 0 923.725
D002 76 R 60 0 0 0 653.807
D002 77 F 90 0 0 0 778.176
D002 78 L 30 0 0 0 616.575
D002 79 F 30 1 1 0 1129.104
D002 80 G 30 0 0 0 679.77
D002 81 F 180 1 1 0 683.602
D002 82 G 180 0 0 0 856.414
D002 83 R 180 0 0 0 969.512
D002 84 L 180 0 1 1 973.541
D002 85 R 0 1 0 1 560.842
D002 86 G 150 1 1 0 777.902
D002 87 F 180 0 0 0 690.96
D002 88 F 60 0 0 0 481.257
D002 89 F 0 1 1 0 571.026
D002 90 G 180 0 0 0 773.736
D002 91 R 0 0 0 0 520.888
D002 92 G 120 0 0 0 603.929
D002 93 L 150 1 1 0 696.681
D002 94 G 60 0 0 0 534.323
D002 95 L 30 0 0 0 480.125
D002 96 F 0 0 1 1 523.419
D002 97 G 30 0 0 0 591.831
D002 98 G 0 0 0 0 392.917
D002 99 L 60 1 1 0 629.313
D002 100 L 60 0 0 0 419.041
D002 101 G 150 0 0 0 598.746
D002 102 F 30 0 0 0 650.015
D002 103 R 120 1 1 0 715.208
D002 104 R 180 1 1 0 953.877
D002 105 L 90 1 0 1 626.349
D002 106 R 30 0 0 0 567.546
D002 107 R 150 1 1 0 799.03
D002 108 F 90 0 0 0 760.867
D002 109 R 150 1 1 0 869.733
D002 110 F 120 0 0 0 497.554
D002 111 G 0 0 0 0 561.476
D002 112 G 60 1 1 0 663.918
D002 113 G 90 1 1 0 913.045
D002 114 G 30 1 1 0 605.424
D002 115 R 150 0 0 0 694.914
D002 116 R 60 1 1 0 887.243
D002 117 L 180 1 0 1 755.125
D002 118 F 120 1 1 0 856.135
D002 119 L 30 1 1 0 842.233
D002 120 G 180 1 1 0 793.626
D002 121 R 120 0 0 0 590.803
D002 122 R 0 0 0 0 714.166
D002 123 F 120 1 1 0 717.605
D002 124 G 150 1 1 0 622.007
D002 125 L 60 0 0 0 594.112
D002 126 L 0 0 0 0 482.449
D002 127 R 0 1 1 0 546.128
D002 128 G 120 0 1 1 750.958
D002 129 R 90 0 0 0 513.387
D002 130 F 30 1 1 0 712.457
D002 131 F 0 0 0 0 433.93
D002 132 F 90 1 1 0 722.449
D002 133 L 150 1 1 0 840.614
D002 134 L 120 0 0 0 632.306
D002 135 F 150 1 1 0 1025.511
D002 136 L 90 0 0 0 506.248
D002 137 L 60 1 1 0 664.832
D002 138 L 90 0 0 0 614.776
D002 139 F 150 0 0 0 633.002
D002 140 G 30 1 1 0 623.898
D002 141 R 120 1 1 0 598.36
D002 142 R 90 1 1 0 545.118
D002 143 G 0 1 1 0 721.577
D002 144 F 30 0 0 0 713.213
D002 145 L 180 0 1 1 617.95
D002 146 F 60 1 0 1 674.12
D002 147 F 90 1 1 0 803.015
D002 148 R 30 1 1 0 624.032
D002 149 L 0 1 1 0 1074.354
D002 150 R 90 1 1 0 701.72
D002 151 L 120 1 1 0 705.946
D002 152 G 120 1 1 0 629.667
D002 153 L 150 0 0 0 578.459
D002 154 G 90 1 1 0 625.814
D002 155 G 150 0 0 0 782.626
D002 156 R 120 0 0 0 948.983
D002 157 F 120 1 1 0 761.248
D002 158 R 90 0 0 0 608.233
D002 159 L 120 1 0 1 686.501
D002 160 F 30 1 0 1 647.215
D002 161 L 90 0 0 0 634.04
D002 162 G 0 1 1 0 1215.44
D002 163 G 30 0 0 0 598.385
D002 164 F 60 0 0 0 624.214
D002 165 R 30 1 1 0 1006.34
D002 166 F 0 1 1 0 801.029
D002 167 L 60 0 0 0 527.699
D002 168 L 60 1 1 0 1103.539
D002 169 L 120 0 0 0 727.815
D002 170 R 150 0 0 0 966.292
D002 171 R 60 1 1 0 981.778
D002 172 L 180 1 0 1 1761.789
D002 173 R 30 0 0 0 894.41
D002 174 R 60 0 0 0 773.641
D002 175 R 30 0 0 0 1155.585
D002 176 G 90 1 1 0 1112.376
D002 177 F 90 0 0 0 721.105
D002 178 L 150 0 0 0 1657.038
D002 179 F 180 1 1 0 1256.851
D002 180 G 180 1 1 0 847.923
D002 181 R 180 0 0 0 1215.283
D002 182 G 150 0 0 0 1267.925
D002 183 R 60 0 0 0 699.747
D002 184 G 60 0 0 0 717.949
D002 185 L 150 1 1 0 855.445
D002 186 R 120 0 0 0 854.192
D002 187 G 0 0 0 0 1183.382
D002 188 F 90 1 0 1 889.177
D002 189 F 60 0 0 0 767.486
D002 190 R 0 0 0 0 743.573
D002 191 R 0 1 1 0 887.452
D002 192 F 150 0 0 0 654.511
D002 193 R 180 0 0 0 1649.418
D002 194 G 120 0 0 0 838.26
D002 195 L 120 1 1 0 1024.572
D002 196 F 150 0 0 0 836.236
D002 197 R 30 1 1 0 1030.096
D002 198 G 120 0 0 0 891.188
D002 199 L 180 0 0 0 1384.787
D002 200 G 60 0 0 0 637.924
D002 201 F 150 1 1 0 1312.461
D002 202 F 150 1 1 0 684.886
D002 203 L 30 0 0 0 1524.092
D002 204 F 0 0 9997 1 2000.023
D002 205 R 150 1 1 0 766.898
D002 206 G 0 0 0 0 486.724
D002 207 R 120 1 1 0 1086.218
D002 208 R 120 1 1 0 587.818
D002 209 R 180 1 1 0 840.378
D002 210 L 60 1 1 0 1286.757
D002 211 G 180 1 1 0 1343.131
D002 212 G 30 1 1 0 1566.44
D002 213 G 90 0 0 0 750.898
D002 214 R 180 1 1 0 1115.558
D002 215 R 90 1 1 0 870.986
D002 216 L 120 0 0 0 735.506
D002 217 G 120 1 1 0 1614.977
D002 218 G 90 1 1 0 758.791
D002 219 G 60 1 9997 1 2000.025
D002 220 L 60 0 0 0 615.503
D002 221 F 120 0 0 0 862.927
D002 222 F 120 1 1 0 1207.028
D002 223 R 90 0 0 0 647.804
D002 224 F 60 1 1 0 1143.028
D002 225 R 90 1 1 0 1108.672
D002 226 R 60 1 1 0 597.728
D002 227 L 180 0 0 0 1063.749
D002 228 L 90 1 9997 1 2000.024
D002 229 L 180 1 1 0 866.869
D002 230 F 30 0 0 0 655.481
D002 231 R 150 0 0 0 1445.724
D002 232 G 90 0 0 0 824.092
D002 233 R 0 1 1 0 608.955
D002 234 F 90 1 1 0 1111.74
D002 235 G 150 1 0 1 1564.603
D002 236 F 180 1 1 0 1713.393
D002 237 R 0 0 0 0 672.164
D002 238 F 90 0 0 0 865.174
D002 239 G 180 0 0 0 1079.186
D002 240 L 0 1 1 0 870.966
D002 241 L 90 1 0 1 729.266
D002 242 G 30 1 0 1 1133.005
D002 243 F 60 1 1 0 1415.212
D002 244 G 150 0 0 0 610.239
D002 245 L 90 0 0 0 610.049
D002 246 L 0 0 0 0 633.137
D002 247 F 180 0 1 1 584.865
D002 248 F 0 0 0 0 696.896
D002 249 L 30 1 1 0 807.803
D002 250 F 30 0 0 0 695.447
D002 251 G 120 1 1 0 1053.442
D002 252 L 0 0 0 0 549.377
D002 253 L 150 0 0 0 888.232
D002 254 G 60 1 1 0 709.641
D002 255 F 30 1 1 0 614.247
D002 256 G 150 1 1 0 766.33
D002 257 R 150 1 1 0 677.54
D002 258 G 0 1 0 1 727.052
D002 259 G 30 0 0 0 733.512
D002 260 G 180 0 0 0 1295.189
D002 261 L 30 1 1 0 984.477
D002 262 L 150 1 0 1 727.159
D002 263 F 120 0 0 0 759.203
D002 264 L 30 0 0 0 696.123
D002 265 F 0 1 1 0 889.881
D002 266 F 180 0 1 1 649.197
D002 267 L 0 1 1 0 1089.064
