E001 21 F 90 0 9997 1 2000.0413
E001 22 G 120 1 1 0 1085.5019
E001 23 G 120 0 0 0 936.4668
E001 24 L 90 1 1 0 781.2954
E001 25 G 60 0 0 0 644.8655
E001 26 R 30 1 1 0 566.9994
E001 27 F 0 1 1 0 658.9888
E001 28 F 0 0 1 1 537.2166
E001 29 G 150 0 1 1 920.9819
E001 30 G 0 1 0 1 661.3276
E001 31 L 180 1 1 0 953.4796
E001 32 G 120 1 1 0 779.6672
E001 33 F 30 1 1 0 822.1333
E001 34 F 180 0 0 0 1021.1169
E001 35 R 90 0 0 0 637.6612
E001 36 G 30 0 0 0 634.6287
E001 37 F 90 1 1 0 576.9228
E001 38 G 0 1 1 0 703.2712
E001 39 F 0 0 0 0 529.8386
E001 40 R 90 1 1 0 749.2659
E001 41 L 90 1 1 0 1134.0534
E001 42 G 150 1 1 0 714.9004
E001 43 L 120 0 0 0 1286.2596
E001 44 R 60 0 0 0 654.819
E001 45 F 120 1 1 0 657.8202
E001 46 R 180 1 0 1 1002.7948
E001 47 L 150 0 0 0 831.7733
E001 48 L 120 1 1 0 754.6325
E001 49 F 150 0 0 0 1262.4023
E001 50 L 150 1 1 0 1147.9451
E001 51 G 0 0 0 0 575.7824
E001 52 R 180 1 1 0 700.0778
E001 53 G 180 0 0 0 804.7928
E001 54 L 0 1 1 0 786.4712
E001 55 L 60 0 0 0 630.9495
E001 56 F 60 0 0 0 652.1941
E001 57 L 150 0 1 1 687.8017
E001 58 G 90 0 0 0 627.8737
E001 59 F 60 1 1 0 627.4183
E001 60 R 150 0 0 0 815.0452
E001 61 R 180 0 1 1 612.7807
E001 62 L 60 1 1 0 852.3192
E001 63 F 90 0 0 0 599.7374
E001 64 L 180 1 1 0 951.6922
E001 65 F 30 0 0 0 519.0146
E001 66 G 60 0 0 0 657.4104
E001 67 F 30 0 0 0 435.9227
E001 68 F 60 0 0 0 462.2973
E001 69 R 30 0 0 0 438.5753
E001 70 L 90 0 0 0 553.688
E001 71 L 0 0 0 0 413.5227
E001 72 L 0 1 1 0 693.2437
E001 73 L 30 0 0 0 436.9622
E001 74 F 150 1 1 0 1112.918
E001 75 R 60 1 1 0 841.997
E001 76 R 0 1 1 0 612.4323
E001 77 F 60 1 1 0 784.3069
E001 78 L 90 0 0 0 717.2962
E001 79 G 60 1 1 0 1302.2731
E001 80 F 150 0 0 0 660.385
E001 81 F 30 1 1 0 1075.9102
E001 82 G 90 1 1 0 918.1686
E001 83 F 120 1 1 0 989.5867
E001 84 L 60 0 0 0 898.4502
E001 85 R 90 0 0 0 908.3565
E001 86 F 180 1 1 0 1364.8863
E001 87 R 60 1 1 0 782.8174
E001 88 R 60 0 0 0 937.9055
E001 89 F 180 1 1 0 1311.0085
E001 90 R 30 0 0 0 563.5901
E001 91 L 30 0 0 0 623.5259
E001 92 L 60 1 1 0 557.5144
E001 93 G 90 1 0 1 1047.1376
E001 94 G 60 1 1 0 639.096
E001 95 R 150 0 0 0 897.92
E001 96 L 0 0 0 0 572.7658
E001 97 G 30 0 0 0 696.809
E001 98 L 150 1 1 0 794.4269
E001 99 R 30 1 1 0 1028.6134
E001 100 G 180 1 1 0 1315.6141
E001 101 L 120 0 0 0 801.5136
E001 102 R 90 1 9997 1 2000.0383
E001 103 R 120 0 1 1 468.4634
E001 104 R 0 0 0 0 622.8934
E001 105 F 150 1 1 0 959.5314
E001 106 G 0 0 0 0 640.4051
E001 107 F 0 1 1 0 937.52
E001 108 G 150 1 1 0 948.028
E001 109 G 90 0 0 0 649.1484
E001 110 G 150 0 0 0 656.3577
E001 111 R 120 1 1 0 718.4852
E001 112 F 90 1 1 0 908.3233
E001 113 R 120 1 1 0 1348.1423
E001 114 R 150 1 1 0 1387.7535
E001 115 G 120 0 0 0 1417.7654
E001 116 R 0 1 1 0 641.588
E001 117 G 180 0 0 0 1398.1771
E001 118 R 180 0 0 0 1123.2238
E001 119 G 30 1 1 0 1155.3837
E001 120 R 0 0 0 0 476.3133
E001 121 L 30 1 1 0 702.2311
E001 122 R 120 0 0 0 683.1977
E001 123 L 180 0 1 1 604.2011
E001 124 R 150 1 1 0 1402.355
E001 125 G 180 1 1 0 1402.1335
E001 126 F 120 0 0 0 652.4002
E001 127 G 30 1 1 0 783.0478
E001 128 F 180 0 0 0 698.8369
E001 129 L 180 0 0 0 925.5126
E001 130 L 120 1 1 0 925.1955
E001 131 L 30 1 1 0 1078.0398
E001 132 F 120 0 0 0 620.9256
E001 133 L 120 0 0 0 1450.3849
E001 134 F 30 1 1 0 590.8407
E001 135 G 120 0 0 0 1502.3619
E001 136 F 60 1 1 0 668.9021
E001 137 F 120 1 1 0 932.3632
E001 138 G 30 1 1 0 632.0415
E001 139 L 60 0 0 0 624.4769
E001 140 G 90 1 1 0 1103.4377
E001 141 G 180 0 0 0 1499.4174
E001 142 L 150 0 0 0 685.4846
E001 143 R 90 0 0 0 682.5988
E001 144 G 0 0 0 0 539.492
E001 145 L 30 0 0 0 454.4089
E001 146 L 0 1 1 0 681.445
E001 147 L 30 0 0 0 634.2571
E001 148 L 180 0 0 0 791.188
E001 149 G 150 1 1 0 1140.9084
E001 150 R 150 0 0 0 1083.5386
E001 151 G 0 0 0 0 601.1622
E001 152 F 150 1 1 0 1009.5032
E001 153 L 120 1 1 0 1017.2027
E001 154 R 0 1 0 1 665.8966
E001 155 R 30 1 1 0 402.8026
E001 156 R 120 1 1 0 1606.003
E001 157 L 90 1 1 0 1112.9962
E001 158 G 150 0 0 0 771.5126
E001 159 G 180 1 1 0 1179.3932
E001 160 R 180 1 1 0 1573.6229
E001 161 R 180 1 1 0 677.3797
E001 162 G 30 0 0 0 849.351
E001 163 R 90 1 1 0 1123.8191
E001 164 F 60 0 0 0 748.8245
E001 165 L 180 1 1 0 952.5786
E001 166 F 30 0 0 0 582.4263
E001 167 G 30 0 0 0 604.8489
E001 168 L 0 0 0 0 509.3703
E001 169 R 90 0 0 0 583.2143
E001 170 R 180 0 1 1 931.7338
E001 171 G 0 1 1 0 1181.344
E001 172 G 0 1 1 0 1077.637
E001 173 R 60 0 0 0 748.0859
E001 174 R 0 1 1 0 929.3329
E001 175 R 0 0 0 0 539.0498
E001 176 L 0 0 0 0 524.6494
E001 177 R 120 0 0 0 547.6386
E001 178 L 180 1 1 0 1304.4261
E001 179 G 180 0 0 0 1611.5364
E001 180 R 60 1 1 0 1156.4802
E001 181 F 150 0 0 0 696.4461
E001 182 R 150 1 1 0 1080.2485
E001 183 G 60 0 0 0 614.9539
E001 184 L 30 1 1 0 808.4793
E001 185 L 30 1 1 0 543.7733
E001 186 F 60 0 0 0 601.6505
E001 187 F 180 0 0 0 1534.0084
E001 188 G 60 0 0 0 629.1998
E001 189 R 30 1 1 0 718.9394
E001 190 L 60 0 0 0 687.246
E001 191 F 150 1 1 0 1175.0734
E001 192 G 90 0 0 0 787.2892
E001 193 L 150 1 1 0 759.5247
E001 194 F 30 0 0 0 557.915
E001 195 G 120 1 1 0 1007.3903
E001 196 G 60 1 1 0 675.2601
E001 197 R 90 1 1 0 702.9754
E001 198 F 90 0 0 0 522.5499
E001 199 R 30 0 0 0 701.3271
E001 200 F 120 1 1 0 700.9673
E001 201 R 150 0 0 0 759.6991
E001 202 F 90 1 1 0 1125.1533
E001 203 F 120 0 0 0 1540.3201
E001 204 G 30 1 1 0 694.9897
E001 205 F 90 1 1 0 722.3292
E001 206 R 150 1 1 0 907.343
E001 207 L 120 0 0 0 557.9542
E001 208 G 120 1 1 0 664.8102
E001 209 F 0 0 0 0 463.253
E001 210 L 150 0 0 0 1323.8906
E001 211 R 60 1 1 0 705.7813
E001 212 R 120 1 1 0 1059.5799
E001 213 L 90 0 0 0 580.2927
E001 214 G 90 1 1 0 759.456
E001 215 G 180 1 1 0 1415.9699
E001 216 L 90 1 1 0 1157.251
E001 217 F 180 1 1 0 1071.0613
E001 218 R 30 0 0 0 512.6856
E001 219 G 150 0 0 0 789.1634
E001 220 L 0 1 1 0 648.5707
E001 221 F 0 1 9997 1 2000.0243
E001 222 F 30 1 1 0 1035.3609
E001 223 F 150 0 0 0 1149.9031
E001 224 R 120 0 0 0 907.5396
E001 225 F 180 0 0 0 1248.1894
E001 226 L 180 0 0 0 986.9514
E001 227 L 120 1 1 0 871.3733
E001 228 L 60 1 1 0 1152.378
E001 229 G 120 0 0 0 791.7291
E001 230 L 150 1 1 0 1065.4173
E001 231 R 0 0 0 0 580.4472
E001 232 L 60 1 1 0 694.5567
E001 233 F 180 1 1 0 1106.9619
E001 234 G 150 1 1 0 1094.2885
E001 235 L 90 0 0 0 733.0055
E001 236 F 0 0 0 0 730.7549
E001 237 G 90 0 0 0 722.3365
E001 238 F 60 1 1 0 628.952
E001 239 F 120 0 0 0 860.4853
E001 240 F 0 1 1 0 1695.6105
E001 241 G 60 1 1 0 1578.262
E001 242 R 180 0 0 0 937.7491
E001 243 F 90 0 0 0 781.5457
E001 244 R 60 0 0 0 515.4144
