D004 44 R 90 1 1 0 1169.128
D004 45 G 60 1 1 0 1533.557
D004 46 G 180 0 0 0 1114.271
D004 47 R 60 0 0 0 1135.442
D004 48 G 150 1 1 0 903.329
D004 49 L 0 1 1 0 1420.99
D004 50 G 60 1 1 0 694.11
D004 51 L 30 0 0 0 929.47
D004 52 R 120 1 1 0 1327.686
D004 53 F 120 0 0 0 786.324
D004 54 L 120 1 1 0 857.636
D004 55 F 90 0 0 0 811.337
D004 56 L 0 0 0 0 721.757
D004 57 G 90 0 0 0 536.89
D004 58 R 30 0 0 0 502.843
D004 59 L 30 1 1 0 682.744
D004 60 F 30 1 1 0 872.999
D004 61 R 90 1 0 1 1234.567
D004 62 G 0 0 0 0 1618.057
D004 63 R 30 1 1 0 638.916
D004 64 L 30 0 0 0 1041.154
D004 65 G 120 1 1 0 638.89
D004 66 F 30 1 1 0 733.764
D004 67 L 120 1 1 0 561.394
D004 68 L 120 0 0 0 720.404
D004 69 L 0 0 0 0 514.81
D004 70 L 120 0 0 0 550.505
D004 71 G 30 0 0 0 495.269
D004 72 G 60 0 0 0 462.959
D004 73 G 30 0 0 0 428.663
D004 74 G 90 0 0 0 561.739
D004 75 R 90 0 0 0 1344.556
D004 76 F 30 0 0 0 560.064
D004 77 G 0 1 1 0 545.035
D004 78 L 90 1 1 0 594.423
D004 79 F 150 1 1 0 553.294
D004 80 F 0 0 0 0 667.581
D004 81 R 90 0 0 0 917.098
D004 82 G 120 0 0 0 591.088
D004 83 R 150 1 1 0 1183.382
D004 84 R 0 1 1 0 625.112
D004 85 F 60 1 1 0 708.134
D004 86 L 90 0 0 0 615.986
D004 87 G 180 1 1 0 1392.416
D004 88 R 150 1 1 0 1531.002
D004 89 R 150 0 0 0 870.632
D004 90 F 150 1 1 0 931.702
D004 91 F 60 1 1 0 517.077
D004 92 R 0 0 0 0 522.412
D004 93 R 120 0 0 0 510.959
D004 94 F 90 1 1 0 778.908
D004 95 F 90 0 0 0 619.395
D004 96 L 180 1 1 0 1233.802
D004 97 F 150 0 0 0 815.319
D004 98 R 60 1 1 0 703.797
D004 99 L 180 1 1 0 894.167
D004 100 G 90 1 1 0 544.699
D004 101 F 60 0 0 0 513.109
D004 102 F 0 1 1 0 619.097
D004 103 G 150 0 0 0 1192.147
D004 104 F 180 0 0 0 886.541
D004 105 L 60 1 1 0 945.222
D004 106 F 90 1 1 0 702.956
D004 107 F 0 1 1 0 428.807
D004 108 R 30 0 0 0 522.324
D004 109 G 150 1 1 0 1454.373
D004 110 R 60 1 1 0 686.37
D004 111 G 120 1 1 0 558.377
D004 112 F 120 1 1 0 425.166
D004 113 R 120 0 1 1 478.373
D004 114 R 180 0 0 0 737.925
D004 115 L 60 1 1 0 858.59
D004 116 G 0 0 0 0 1185.289
D004 117 G 0 1 1 0 704.504
D004 118 F 120 0 0 0 1247.629
D004 119 R 60 0 0 0 455.868
D004 120 R 0 0 0 0 401.822
D004 121 G 180 0 0 0 1001.037
D004 122 G 150 0 0 0 535.074
D004 123 L 30 1 1 0 634.817
D004 124 R 180 1 1 0 1257.702
D004 125 R 30 1 1 0 599.431
D004 126 F 30 0 0 0 666.334
D004 127 F 180 1 1 0 1185.316
D004 128 L 150 1 1 0 633.204
D004 129 F 180 1 1 0 1166.045
D004 130 L 180 0 1 1 787.031
D004 131 L 60 0 0 0 649.783
D004 132 F 180 0 0 0 586.279
D004 133 L 180 0 1 1 677.491
D004 134 R 0 1 1 0 794.173
D004 135 G 30 1 1 0 839.323
D004 136 G 30 1 1 0 653.656
D004 137 L 150 0 0 0 673.893
D004 138 R 120 1 1 0 678.969
D004 139 R 180 0 0 0 866.548
D004 140 L 90 0 0 0 641.531
D004 141 L 90 1 1 0 698.962
D004 142 G 120 0 0 0 799.338
D004 143 L 0 1 1 0 866.421
D004 144 G 60 0 0 0 653.303
D004 145 L 60 0 0 0 529.464
D004 146 F 150 0 0 0 656.495
D004 147 R 150 0 0 0 584.342
D004 148 R 180 1 1 0 528.93
D004 149 G 180 1 1 0 1657.761
D004 150 L 150 1 1 0 616.916
D004 151 G 90 1 1 0 697.752
D004 152 F 60 0 0 0 600.78
D004 153 F 0 0 0 0 521.942
D004 154 L 150 0 0 0 688.959
D004 155 F 120 1 1 0 1120.453
D004 156 F 0 0 0 0 873.49
D004 157 R 180 1 1 0 756.956
D004 158 L 150 1 1 0 923.953
D004 159 F 30 0 0 0 673.63
D004 160 R 120 1 1 0 678.055
D004 161 G 150 1 1 0 990.239
D004 162 F 120 0 0 0 696.957
D004 163 F 120 1 1 0 580.412
D004 164 G 90 0 0 0 615.685
D004 165 R 150 0 0 0 1173.953
D004 166 G 90 1 1 0 617.105
D004 167 R 180 1 0 1 1053.468
D004 168 F 180 1 1 0 1249.5
D004 169 F 30 1 1 0 647.14
D004 170 L 0 1 1 0 609.16
D004 171 G 30 0 0 0 518.705
D004 172 R 30 0 0 0 597.606
D004 173 F 150 0 0 0 607.847
D004 174 L 180 1 0 1 905.938
D004 175 G 60 0 0 0 862.395
D004 176 G 60 1 1 0 749.677
D004 177 F 90 1 1 0 1016.507
D004 178 G 0 0 0 0 504.305
D004 179 L 90 1 1 0 930.261
D004 180 R 60 0 0 0 573.663
D004 181 L 60 0 0 0 1032.071
D004 182 L 180 1 0 1 1013.35
D004 183 R 0 1 0 1 577.596
D004 184 R 0 0 0 0 776.836
D004 185 G 90 0 0 0 679.893
D004 186 F 60 1 1 0 568.008
D004 187 R 120 0 0 0 622.542
D004 188 R 90 0 0 0 479.535
D004 189 L 150 0 0 0 909.991
D004 190 L 30 1 1 0 649.079
D004 191 F 150 0 0 0 1456.574
D004 192 F 180 0 0 0 801.438
D004 193 L 30 0 0 0 879.34
D004 194 G 180 1 1 0 703.751
D004 195 G 150 0 1 1 1118.479
D004 196 F 150 1 1 0 927.93
D004 197 G 30 0 0 0 557.684
D004 198 L 120 0 0 0 543.132
D004 199 G 0 0 0 0 469.238
D004 200 G 120 0 0 0 533.536
D004 201 G 90 1 1 0 566.073
D004 202 R 30 1 1 0 789.673
D004 203 R 60 1 1 0 436.792
D004 204 G 0 1 1 0 583.334
D004 205 L 180 0 1 1 632.736
D004 206 R 90 1 1 0 721.025
D004 207 R 0 1 1 0 565.376
D004 208 R 90 1 1 0 643.806
D004 209 G 180 0 0 0 895.325
D004 210 F 90 0 0 0 482.297
D004 211 L 0 0 0 0 409.713
D004 212 F 120 0 0 0 462.963
D004 213 G 120 1 1 0 773.371
D004 214 L 0 1 1 0 569.121
D004 215 G 180 0 1 1 515.966
D004 216 F 30 0 0 0 495.217
D004 217 F 180 1 1 0 872.166
D004 218 G 60 1 1 0 606.545
D004 219 G 30 1 1 0 430.369
D004 220 L 120 1 1 0 624.172
D004 221 R 30 1 1 0 533.329
D004 222 L 0 0 0 0 500.927
D004 223 F 0 1 1 0 817.781
D004 224 F 150 1 1 0 679.839
D004 225 L 120 0 0 0 566.889
D004 226 F 90 0 0 0 553.39
D004 227 G 60 0 0 0 366.78
D004 228 F 180 0 0 0 608.445
D004 229 L 180 0 0 0 736.291
D004 230 G 0 1 1 0 758.8
D004 231 L 90 0 0 0 553.239
D004 232 L 60 1 1 0 719.025
D004 233 L 150 0 0 0 607.77
D004 234 G 30 1 1 0 558.168
D004 235 R 90 0 0 0 680.277
D004 236 L 120 1 1 0 791.722
D004 237 F 90 1 1 0 599.645
D004 238 R 60 0 0 0 670.446
D004 239 R 180 0 0 0 784.48
D004 240 G 150 1 1 0 741.428
D004 241 F 30 1 1 0 542.647
D004 242 R 150 1 1 0 766.052
D004 243 L 30 1 1 0 496.938
D004 244 R 30 0 0 0 637.366
D004 245 L 90 0 0 0 484.462
D004 246 F 60 1 1 0 488.219
D004 247 L 150 1 1 0 854.882
D004 248 G 180 1 0 1 1206.862
D004 249 R 0 0 0 0 959.727
D004 250 G 150 0 0 0 598.264
D004 251 R 120 0 0 0 492.679
D004 252 F 120 1 1 0 550.148
D004 253 F 60 0 0 0 509.765
D004 254 L 90 1 1 0 745.732
D004 255 R 60 1 1 0 557.81
D004 256 G 120 1 1 0 572.962
D004 257 R 150 0 0 0 517.636
D004 258 R 180 0 0 0 816.619
D004 259 L 30 0 0 0 615.691
D004 260 L 60 0 0 0 473.094
D004 261 G 120 0 0 0 563.231
D004 262 F 0 1 1 0 638.866
D004 263 F 60 0 0 0 589.017
D004 264 L 60 1 0 1 590.458
D004 265 F 0 0 0 0 488.294
D004 266 R 150 1 1 0 733.662
D004 267 R 120 1 1 0 534.298
