B006 33 F 30 1 0 1 708.5102
B006 34 L 180 1 1 0 1325.0969
B006 35 F 0 0 0 0 729.4567
B006 36 G 90 0 1 1 628.4645
B006 37 R 0 1 1 0 861.6405
B006 38 G 0 0 0 0 625.1188
B006 39 R 0 1 1 0 755.0356
B006 40 F 90 0 0 0 524.991
B006 41 L 150 0 0 0 600.8222
B006 42 R 60 1 0 1 717.2741
B006 43 F 60 1 1 0 781.996
B006 44 F 150 0 1 1 787.9462
B006 45 F 120 1 0 1 1246.9596
B006 46 G 120 1 0 1 1708.2459
B006 47 F 150 1 1 0 1195.9685
B006 48 R 120 0 0 0 1340.61
B006 49 L 90 0 0 0 1194.6245
B006 50 R 0 0 0 0 522.0029
B006 51 R 60 1 1 0 564.8383
B006 52 F 60 1 1 0 796.3333
B006 53 G 180 0 1 1 1223.2256
B006 54 R 120 0 0 0 704.5532
B006 55 G 120 0 0 0 711.3633
B006 56 G 150 0 0 0 833.1165
B006 57 G 180 0 0 0 1079.2017
B006 58 L 0 1 1 0 689.7544
B006 59 G 150 1 0 1 607.0316
B006 60 F 30 0 0 0 626.3506
B006 61 L 180 1 1 0 706.4783
B006 62 G 90 0 0 0 669.3566
B006 63 L 60 0 0 0 521.9554
B006 64 L 150 1 1 0 713.4069
B006 65 R 90 1 0 1 975.5402
B006 66 L 60 1 0 1 908.5543
B006 67 G 0 1 1 0 836.5689
B006 68 R 90 0 0 0 807.2213
B006 69 R 180 1 1 0 715.7186
B006 70 G 0 0 0 0 597.6491
B006 71 G 180 1 1 0 671.2155
B006 72 F 120 0 0 0 570.3228
B006 73 F 60 0 0 0 557.4139
B006 74 L 120 1 1 0 650.1368
B006 75 F 120 0 0 0 708.5018
B006 76 L 0 0 0 0 507.0214
B006 77 L 0 0 0 0 459.9031
B006 78 F 90 1 1 0 622.8984
B006 79 R 150 0 1 1 667.4105
B006 80 F 180 1 1 0 649.439
B006 81 G 90 1 1 0 883.1234
B006 82 R 60 0 0 0 590.2974
B006 83 L 150 0 1 1 679.7205
B006 84 R 60 0 0 0 517.2998
B006 85 F 180 1 1 0 706.3347
B006 86 L 120 0 0 0 1059.7009
B006 87 R 150 0 1 1 721.1363
B006 88 R 150 1 1 0 857.5358
B006 89 G 30 0 0 0 562.1547
B006 90 L 30 1 1 0 815.3925
B006 91 L 30 0 0 0 786.4525
B006 92 G 90 1 1 0 629.4688
B006 93 G 150 0 0 0 901.5707
B006 94 R 180 1 1 0 1132.0095
B006 95 F 120 1 1 0 741.309
B006 96 R 180 0 1 1 738.1438
B006 97 G 120 1 1 0 600.9487
B006 98 R 180 0 1 1 1106.249
B006 99 R 30 1 1 0 846.3034
B006 100 L 30 0 0 0 539.5887
B006 101 L 60 0 0 0 428.2025
B006 102 F 60 0 0 0 577.3371
B006 103 R 120 1 1 0 1069.0359
B006 104 F 90 0 0 0 526.2552
B006 105 G 120 0 0 0 840.3688
B006 106 L 90 0 0 0 573.1709
B006 107 F 180 0 1 1 516.2857
B006 108 G 60 0 0 0 462.1557
B006 109 G 30 1 1 0 780.5973
B006 110 F 30 0 0 0 441.0133
B006 111 F 0 0 0 0 386.2706
B006 112 L 120 0 1 1 545.916
B006 113 G 60 0 0 0 495.7175
B006 114 L 180 0 1 1 495.8046
B006 115 L 120 1 1 0 592.8262
B006 116 L 30 1 1 0 636.1973
B006 117 R 0 0 0 0 516.821
B006 118 R 150 1 1 0 749.1949
B006 119 F 90 1 1 0 766.6237
B006 120 F 0 1 0 1 794.9368
B006 121 L 90 1 1 0 692.8464
B006 122 R 30 0 0 0 571.167
B006 123 G 30 0 0 0 479.9224
B006 124 G 60 1 1 0 668.9644
B006 125 R 30 0 0 0 454.1127
B006 126 L 90 1 1 0 659.7176
B006 127 F 30 1 1 0 657.0492
B006 128 F 150 1 0 1 697.5029
B006 129 G 60 1 1 0 703.1916
B006 130 R 30 1 1 0 626.6464
B006 131 G 30 1 1 0 723.9417
B006 132 F 180 0 1 1 753.9374
B006 133 F 0 1 1 0 947.3905
B006 134 L 0 1 1 0 685.9486
B006 135 L 150 1 0 1 787.1827
B006 136 R 90 1 0 1 1109.2225
B006 137 G 180 1 1 0 1177.5038
B006 138 G 0 1 1 0 700.2077
B006 139 R 120 1 1 0 713.9648
B006 140 L 60 1 1 0 566.0993
B006 141 R 90 0 0 0 640.2797
B006 142 G 150 1 1 0 801.2725
B006 143 L 180 0 1 1 625.1909
B006 144 F 150 0 1 1 848.4687
B006 145 F 90 1 1 0 910.4235
B006 146 G 90 1 1 0 531.4527
B006 147 R 30 1 0 1 499.9378
B006 148 L 60 0 0 0 491.6083
B006 149 R 0 0 0 0 684.8924
B006 150 F 180 1 1 0 588.063
B006 151 F 150 1 1 0 553.814
B006 152 L 60 0 0 0 452.1382
B006 153 F 150 0 1 1 559.463
B006 154 L 30 1 1 0 653.1799
B006 155 L 60 1 1 0 536.5377
B006 156 G 150 0 1 1 605.8968
B006 157 G 180 0 1 1 674.7
B006 158 L 90 1 1 0 702.5574
B006 159 G 30 0 0 0 427.5616
B006 160 F 120 0 0 0 515.4633
B006 161 F 30 0 0 0 367.4677
B006 162 G 180 0 1 1 652.0088
B006 163 R 150 1 1 0 551.1536
B006 164 F 30 1 1 0 534.7914
B006 165 F 180 0 1 1 613.7132
B006 166 F 90 0 0 0 695.0098
B006 167 G 60 1 1 0 772.841
B006 168 L 30 0 0 0 495.1624
B006 169 L 120 0 1 1 534.7434
B006 170 R 60 1 1 0 679.519
B006 171 G 90 0 0 0 613.6196
B006 172 L 0 0 0 0 456.4016
B006 173 G 120 1 1 0 683.5184
B006 174 F 60 0 0 0 503.7012
B006 175 F 0 0 0 0 512.3931
B006 176 R 0 1 1 0 571.6115
B006 177 R 120 1 1 0 597.8405
B006 178 R 30 0 0 0 627.4672
B006 179 G 120 0 0 0 676.2893
B006 180 L 0 1 1 0 552.2638
B006 181 R 60 1 1 0 569.3293
B006 182 G 150 1 1 0 630.2946
B006 183 R 180 0 1 1 590.1401
B006 184 F 90 1 1 0 681.6777
B006 185 R 150 0 0 0 1010.8539
B006 186 G 0 1 1 0 691.2563
B006 187 R 0 1 1 0 570.6208
B006 188 L 150 0 0 0 1002.091
B006 189 L 120 1 1 0 724.9061
B006 190 G 150 1 1 0 847.5172
B006 191 F 30 0 0 0 556.1939
B006 192 R 120 0 0 0 636.6083
B006 193 L 180 1 1 0 521.4517
B006 194 R 90 0 0 0 566.981
B006 195 R 90 0 0 0 482.7862
B006 196 L 150 1 1 0 520.7366
B006 197 F 150 0 0 0 795.9964
B006 198 F 180 0 0 0 743.4621
B006 199 L 90 0 0 0 587.5548
B006 200 G 180 1 1 0 556.0073
B006 201 R 90 1 1 0 557.534
B006 202 F 0 1 1 0 506.8826
B006 203 L 0 1 1 0 578.2777
B006 204 R 150 1 0 1 521.9825
B006 205 F 120 0 0 0 598.9792
B006 206 L 180 0 1 1 551.0035
B006 207 G 150 0 1 1 596.4322
B006 208 F 180 1 1 0 559.5845
B006 209 G 120 1 0 1 598.8155
B006 210 L 30 1 1 0 904.3462
B006 211 L 90 0 0 0 635.3391
B006 212 R 120 1 1 0 563.4914
B006 213 L 180 1 1 0 534.7736
B006 214 L 90 1 1 0 522.615
B006 215 L 150 0 0 0 976.9172
B006 216 R 60 0 0 0 635.5193
B006 217 G 60 0 0 0 506.4004
B006 218 R 30 1 1 0 493.1733
B006 219 R 180 1 1 0 566.1172
B006 220 F 0 1 1 0 581.6376
B006 221 F 0 0 0 0 508.5859
B006 222 R 30 0 0 0 519.4381
B006 223 F 30 1 1 0 525.0556
B006 224 R 180 1 1 0 605.0079
B006 225 R 60 0 0 0 649.0805
B006 226 F 150 1 1 0 726.4362
B006 227 F 60 0 0 0 475.4607
B006 228 L 150 1 1 0 443.7701
B006 229 G 30 1 1 0 658.9567
B006 230 G 180 1 0 1 783.0934
B006 231 F 120 1 1 0 856.46
B006 232 G 0 0 0 0 518.1075
B006 233 L 30 0 0 0 527.5042
B006 234 R 150 0 0 0 690.9213
B006 235 G 90 0 0 0 589.7437
B006 236 L 60 1 1 0 666.6931
B006 237 L 120 1 1 0 623.1501
B006 238 L 0 0 0 0 733.0504
B006 239 G 0 0 0 0 477.3266
B006 240 G 60 0 0 0 509.006
B006 241 F 90 0 0 0 1110.7705
B006 242 L 120 0 1 1 515.3758
B006 243 G 60 1 1 0 586.9724
B006 244 G 120 0 0 0 979.5703
B006 245 R 90 1 1 0 628.0801
B006 246 G 30 0 0 0 493.9077
B006 247 G 30 1 1 0 645.132
B006 248 F 120 1 0 1 636.6672
B006 249 G 0 1 1 0 749.845
B006 250 F 60 1 1 0 608.4027
B006 251 F 60 1 1 0 549.262
B006 252 R 120 0 0 0 677.7954
B006 253 L 180 0 1 1 622.7088
B006 254 G 90 1 1 0 714.3799
B006 255 R 0 0 0 0 496.457
B006 256 R 180 0 1 1 500.0446
