D009 42 L 90 1 9997 1 2000.0371
D009 43 L 60 0 0 0 0.5749
D009 44 F 120 1 0 1 1174.4863
D009 45 R 0 1 1 0 800.2213
D009 46 F 150 0 1 1 1659.8209
D009 47 F 0 0 0 0 977.7635
D009 48 F 60 0 0 0 893.3382
D009 49 F 180 0 1 1 998.8274
D009 50 G 150 1 0 1 1920.0418
D009 51 R 30 0 0 0 783.8368
D009 52 L 120 0 0 0 1089.6457
D009 53 G 30 1 1 0 925.5804
D009 54 L 90 1 1 0 1177.1608
D009 55 F 60 1 1 0 1037.0416
D009 56 L 120 1 0 1 1016.0686
D009 57 G 120 0 0 0 1040.1094
D009 58 G 30 0 0 0 595.1692
D009 59 F 30 1 1 0 896.3041
D009 60 F 120 0 0 0 785.537
D009 61 L 150 0 1 1 1720.8979
D009 62 R 150 1 1 0 1040.8367
D009 63 F 120 0 0 0 965.3068
D009 64 F 0 1 1 0 877.989
D009 65 G 120 1 9997 1 2000.0363
D009 66 L 180 1 1 0 978.85
D009 67 L 180 0 1 1 630.9885
D009 68 G 60 0 0 0 816.2022
D009 69 L 120 1 1 0 1019.8676
D009 70 F 120 1 1 0 829.6799
D009 71 R 60 1 1 0 692.1342
D009 72 F 90 1 1 0 726.5763
D009 73 L 60 1 1 0 618.3865
D009 74 F 150 1 1 0 604.1752
D009 75 G 180 1 1 0 575.7897
D009 76 R 60 0 0 0 649.9661
D009 77 R 0 0 0 0 474.6886
D009 78 G 90 0 1 1 508.7817
D009 79 F 150 1 1 0 1391.9042
D009 80 R 150 1 1 0 733.597
D009 81 L 90 0 0 0 730.7488
D009 82 R 90 1 1 0 846.2072
D009 83 R 90 1 1 0 600.9984
D009 84 R 120 0 0 0 646.6686
D009 85 R 30 0 0 0 536.432
D009 86 L 150 1 1 0 910.9047
D009 87 L 180 0 0 0 1029.0101
D009 88 R 180 1 1 0 1167.4213
D009 89 R 0 0 0 0 865.3096
D009 90 R 90 0 0 0 1376.8496
D009 91 G 90 0 0 0 731.9854
D009 92 G 150 1 1 0 586.4231
D009 93 L 180 1 1 0 1331.2679
D009 94 F 30 1 1 0 738.89
D009 95 R 30 1 1 0 890.6037
D009 96 G 30 1 1 0 675.3407
D009 97 R 120 1 0 1 1297.8239
D009 98 F 90 1 1 0 735.8673
D009 99 R 120 0 0 0 794.6763
D009 100 G 90 1 1 0 838.0636
D009 101 L 30 0 0 0 737.3937
D009 102 G 180 0 1 1 830.6843
D009 103 R 60 1 1 0 800.8561
D009 104 L 150 0 0 0 999.0966
D009 105 G 180 1 1 0 1018.6618
D009 106 G 60 1 1 0 686.0444
D009 107 F 0 0 0 0 629.8001
D009 108 R 30 1 1 0 832.3805
D009 109 R 180 0 0 0 1111.3302
D009 110 F 180 1 1 0 1554.3863
D009 111 F 30 0 0 0 751.8095
D009 112 G 120 1 1 0 1520.707
D009 113 L 30 1 0 1 915.7603
D009 114 G 0 1 1 0 917.3996
D009 115 L 0 1 1 0 444.1513
D009 116 F 30 0 0 0 570.12
D009 117 G 0 0 0 0 790.4715
D009 118 G 60 1 1 0 690.4925
D009 119 L 120 0 0 0 1615.9236
D009 120 G 30 0 0 0 1335.9197
D009 121 R 180 1 1 0 1232.2341
D009 122 L 60 1 0 1 1287.1305
D009 123 G 180 0 0 0 1329.8568
D009 124 L 90 0 0 0 1459.5574
D009 125 L 30 0 0 0 565.773
D009 126 F 90 0 0 0 1087.7229
D009 127 G 90 1 1 0 1247.4633
D009 128 L 0 0 0 0 576.7696
D009 129 L 60 0 0 0 799.9946
D009 130 R 150 0 9997 1 2000.0379
D009 131 L 0 1 1 0 759.1327
D009 132 F 60 1 1 0 1376.8622
D009 133 G 150 0 0 0 780.8907
D009 134 F 0 1 1 0 680.1773
D009 135 R 90 0 0 0 983.505
D009 136 L 0 0 0 0 652.2348
D009 137 G 0 0 0 0 644.7497
D009 138 F 180 1 1 0 1083.2929
D009 139 R 60 0 0 0 528.5
D009 140 G 120 0 0 0 851.505
D009 141 F 60 0 0 0 527.6669
D009 142 G 150 0 0 0 1145.1643
D009 143 R 120 1 1 0 1041.4202
D009 144 R 0 1 1 0 1152.429
D009 145 L 30 1 1 0 914.7511
D009 146 R 150 0 0 0 1165.9099
D009 147 G 60 0 0 0 1090.6619
D009 148 F 90 0 0 0 672.4474
D009 149 F 180 0 0 0 1159.4466
D009 150 R 180 0 1 1 1117.3307
D009 151 G 0 1 1 0 1247.4325
D009 152 L 150 1 0 1 1396.1541
D009 153 F 150 0 9997 1 2000.0379
D009 154 L 180 0 0 0 699.6311
D009 155 G 30 0 0 0 788.9372
D009 156 F 90 1 1 0 1291.9378
D009 157 G 150 0 0 0 1948.6302
D009 158 F 180 1 1 0 1455.5001
D009 159 L 0 0 0 0 560.5803
D009 160 G 0 1 1 0 729.787
D009 161 R 60 1 1 0 1337.2921
D009 162 R 30 0 0 0 617.78
D009 163 L 30 1 1 0 1033.7978
D009 164 G 180 0 0 0 1279.2798
D009 165 L 180 1 9997 1 2000.0363
D009 166 L 60 1 1 0 1600.2806
D009 167 F 180 1 1 0 1320.0786
D009 168 L 90 0 0 0 1352.4273
D009 169 G 180 0 1 1 1262.3102
D009 170 R 0 0 0 0 659.9189
D009 171 L 0 1 1 0 938.4706
D009 172 F 90 1 1 0 1357.7322
D009 173 G 120 0 0 0 1789.5981
D009 174 L 120 0 0 0 720.5315
D009 175 F 120 1 9997 1 2000.0379
D009 176 F 30 1 1 0 1484.6161
D009 177 G 120 1 1 0 1103.0081
D009 178 G 90 1 1 0 1139.8957
D009 179 L 150 1 0 1 1317.5406
D009 180 L 90 0 0 0 1153.5764
D009 181 G 0 0 0 0 784.6447
D009 182 R 30 1 1 0 1736.6727
D009 183 F 150 1 1 0 1377.5429
D009 184 F 180 0 1 1 968.3943
D009 185 F 120 0 0 0 791.6796
D009 186 F 30 0 0 0 598.4455
D009 187 L 30 1 1 0 827.9095
D009 188 R 120 1 9997 1 2000.0395
D009 189 G 180 1 1 0 906.8933
D009 190 L 120 0 0 0 683.8231
D009 191 L 60 0 0 0 481.3335
D009 192 F 30 1 1 0 569.6825
D009 193 R 60 1 1 0 638.2888
D009 194 G 90 0 0 0 674.401
D009 195 F 0 0 0 0 450.7425
D009 196 F 60 0 0 0 528.0159
D009 197 F 120 1 1 0 628.479
D009 198 R 60 0 1 1 913.5185
D009 199 R 0 1 1 0 570.5606
D009 200 L 90 1 1 0 699.7835
D009 201 R 90 1 1 0 658.8323
D009 202 R 90 0 0 0 588.6665
D009 203 L 30 0 0 0 616.3287
D009 204 F 0 1 1 0 1261.211
D009 205 L 60 1 1 0 672.7941
D009 206 L 150 0 1 1 885.6486
D009 207 R 180 0 1 1 754.912
D009 208 R 90 0 0 0 621.5293
D009 209 R 120 1 1 0 1151.8873
D009 210 G 90 0 0 0 1007.6856
D009 211 R 30 0 0 0 551.0926
D009 212 G 60 0 0 0 776.6416
D009 213 L 180 0 1 1 745.0469
D009 214 R 30 1 1 0 1606.5362
D009 215 G 0 1 1 0 607.7515
D009 216 L 120 1 0 1 618.257
D009 217 F 0 1 1 0 868.2882
D009 218 F 60 1 1 0 670.4796
D009 219 G 0 0 0 0 602.1869
D009 220 G 120 0 0 0 707.3507
D009 221 G 30 1 1 0 622.0765
D009 222 R 0 1 1 0 1115.6093
D009 223 G 30 1 1 0 698.4111
D009 224 R 180 0 0 0 1210.833
D009 225 F 120 0 0 0 1004.1851
D009 226 G 60 1 1 0 606.5426
D009 227 G 180 1 1 0 700.3876
D009 228 F 30 0 0 0 573.9782
D009 229 L 0 1 1 0 1331.4432
D009 230 F 90 0 0 0 766.6959
D009 231 R 90 1 1 0 1073.784
D009 232 L 180 1 1 0 1766.7773
D009 233 F 0 0 0 0 576.8573
D009 234 R 180 1 1 0 1798.7193
D009 235 G 150 1 1 0 1315.4867
D009 236 F 180 0 1 1 1211.7222
D009 237 L 90 1 1 0 1509.0036
D009 238 G 150 1 1 0 1083.6412
D009 239 R 150 0 0 0 904.0561
D009 240 R 120 0 0 0 496.8959
D009 241 G 150 0 0 0 813.4502
D009 242 G 120 1 1 0 677.164
D009 243 L 150 0 0 0 617.1957
D009 244 F 90 0 0 0 724.8074
D009 245 G 30 0 0 0 668.3073
D009 246 F 150 0 0 0 533.4495
D009 247 F 150 1 0 1 779.2869
D009 248 R 150 1 1 0 953.2378
D009 249 R 180 1 1 0 974.9721
D009 250 G 90 1 1 0 634.3974
D009 251 L 30 0 0 0 559.8364
D009 252 L 0 0 0 0 796.3701
D009 253 R 150 1 1 0 979.3041
D009 254 L 150 1 1 0 1621.5261
D009 255 R 150 0 0 0 733.0687
D009 256 G 60 1 1 0 667.9591
D009 257 F 60 1 1 0 728.4556
D009 258 L 60 0 0 0 551.2403
D009 259 F 60 0 0 0 622.5077
D009 260 R 120 0 0 0 727.1598
D009 261 L 120 1 0 1 513.7257
D009 262 R 0 0 0 0 707.0151
D009 263 F 150 0 0 0 1019.4767
D009 264 R 60 0 0 0 638.5336
D009 265 G 60 0 0 0 533.6809
