C005 48 F 0 0 0 0 885.5075
C005 49 R 30 1 0 1 782.6869
C005 50 G 60 0 0 0 845.8695
C005 51 R 150 0 0 0 1677.3459
C005 52 L 180 0 1 1 1029.2466
C005 53 L 30 1 1 0 917.5037
C005 54 F 180 0 1 1 1002.6769
C005 55 L 60 1 1 0 979.1271
C005 56 L 0 0 0 0 731.4381
C005 57 G 180 0 1 1 973.3923
C005 58 G 30 0 0 0 825.1766
C005 59 G 120 1 1 0 1694.5106
C005 60 L 60 0 0 0 682.448
C005 61 G 90 0 0 0 1555.6706
C005 62 F 0 1 1 0 1358.816
C005 63 G 180 1 1 0 1791.9966
C005 64 F 60 1 1 0 1080.5864
C005 65 R 30 1 1 0 663.8416
C005 66 R 60 1 1 0 515.1514
C005 67 F 90 1 1 0 982.8386
C005 68 F 120 1 1 0 804.1223
C005 69 F 30 1 1 0 862.3933
C005 70 G 30 1 1 0 868.0925
C005 71 F 180 0 1 1 685.2519
C005 72 G 0 1 1 0 610.3335
C005 73 R 180 0 1 1 784.2268
C005 74 R 120 1 1 0 682.4653
C005 75 R 0 1 1 0 763.4218
C005 76 R 180 0 1 1 667.8576
C005 77 F 150 0 1 1 559.9282
C005 78 G 30 1 1 0 583.2147
C005 79 R 60 1 1 0 531.7426
C005 80 G 120 0 1 1 448.5895
C005 81 G 90 1 1 0 509.9252
C005 82 L 150 1 1 0 563.8461
C005 83 F 60 0 1 1 522.137
C005 84 R 90 0 1 1 611.6332
C005 85 L 180 1 1 0 545.9629
C005 86 L 60 0 0 0 979.1055
C005 87 L 0 1 1 0 860.1167
C005 88 F 120 0 1 1 516.4069
C005 89 R 90 0 0 0 809.2827
C005 90 G 150 1 1 0 1335.4573
C005 91 F 120 0 0 0 873.7379
C005 92 L 90 0 0 0 1024.7691
C005 93 F 30 0 0 0 562.6229
C005 94 G 150 0 0 0 707.9836
C005 95 G 60 0 0 0 719.7248
C005 96 G 90 1 1 0 1091.5389
C005 97 G 0 0 0 0 694.8826
C005 98 G 90 0 0 0 806.9051
C005 99 R 90 1 1 0 731.2716
C005 100 G 150 1 1 0 937.726
C005 101 R 90 1 1 0 562.0498
C005 102 R 0 1 1 0 759.1824
C005 103 L 90 0 0 0 1314.3516
C005 104 L 30 0 0 0 574.5522
C005 105 G 180 0 0 0 1610.0972
C005 106 L 180 0 9997 1 2000.0332
C005 107 G 150 0 0 0 1216.5277
C005 108 L 120 0 0 0 708.6636
C005 109 R 150 0 0 0 869.1945
C005 110 R 180 1 0 1 972.4106
C005 111 L 30 0 0 0 757.2586
C005 112 L 90 1 1 0 1274.344
C005 113 R 120 0 0 0 820.8049
C005 114 F 0 0 0 0 747.7271
C005 115 L 90 1 1 0 702.5456
C005 116 F 120 1 1 0 851.8142
C005 117 L 150 1 1 0 848.1118
C005 118 L 120 0 0 0 822.6142
C005 119 R 0 0 0 0 607.0551
C005 120 F 60 1 1 0 685.6595
C005 121 L 30 1 1 0 666.7393
C005 122 R 0 0 0 0 569.2278
C005 123 F 180 1 1 0 1331.0688
C005 124 F 90 1 1 0 873.0537
C005 125 F 30 1 1 0 624.1082
C005 126 R 60 0 0 0 733.0082
C005 127 F 180 1 1 0 844.9927
C005 128 F 90 0 0 0 920.0021
C005 129 R 180 1 1 0 937.368
C005 130 G 0 1 1 0 796.0738
C005 131 F 0 1 1 0 626.8472
C005 132 L 0 0 0 0 615.2893
C005 133 F 90 0 0 0 1156.9927
C005 134 L 150 0 0 0 1036.1205
C005 135 L 180 1 1 0 675.3258
C005 136 L 120 1 1 0 1088.7841
C005 137 R 120 0 0 0 750.4367
C005 138 G 120 1 1 0 845.9469
C005 139 L 120 1 1 0 872.9618
C005 140 R 120 1 1 0 641.5886
C005 141 G 60 1 1 0 608.9539
C005 142 F 150 1 1 0 666.4699
C005 143 F 60 0 0 0 628.6363
C005 144 G 30 0 0 0 942.729
C005 145 R 30 0 0 0 622.0266
C005 146 R 150 1 1 0 910.8598
C005 147 L 150 0 0 0 1084.8647
C005 148 R 150 1 1 0 856.2989
C005 149 R 30 0 0 0 708.6183
C005 150 F 30 0 0 0 664.1837
C005 151 L 0 1 1 0 831.9711
C005 152 F 150 0 0 0 799.2873
C005 153 G 180 1 1 0 1028.0205
C005 154 F 150 1 1 0 734.5466
C005 155 G 120 0 0 0 826.2496
C005 156 R 60 0 0 0 572.1698
C005 157 G 60 1 1 0 799.7636
C005 158 L 60 1 1 0 942.7954
C005 159 G 0 0 0 0 754.4451
C005 160 R 90 0 0 0 855.9741
C005 161 R 90 0 0 0 442.2752
C005 162 L 180 0 1 1 893.3717
C005 163 G 180 0 0 0 955.1968
C005 164 F 60 1 1 0 738.5454
C005 165 F 30 0 0 0 658.507
C005 166 F 0 1 1 0 847.9675
C005 167 G 180 1 1 0 1079.2054
C005 168 G 0 0 0 0 608.2692
C005 169 G 90 0 0 0 736.4396
C005 170 F 150 0 0 0 894.8115
C005 171 L 150 0 0 0 890.3743
C005 172 G 150 1 1 0 883.9744
C005 173 F 150 1 1 0 815.4723
C005 174 R 60 0 0 0 915.2839
C005 175 G 120 0 0 0 870.857
C005 176 F 30 1 1 0 793.2213
C005 177 R 180 1 1 0 928.7161
C005 178 F 120 0 0 0 1118.229
C005 179 L 0 0 0 0 694.4918
C005 180 G 60 1 1 0 718.2769
C005 181 L 150 1 0 1 1051.615
C005 182 L 0 0 0 0 797.1007
C005 183 L 30 0 0 0 565.5048
C005 184 L 180 0 1 1 987.4865
C005 185 G 120 1 1 0 753.0323
C005 186 R 180 1 1 0 793.4061
C005 187 R 30 0 0 0 661.7888
C005 188 R 150 0 0 0 808.0888
C005 189 G 60 0 0 0 513.4465
C005 190 L 90 1 1 0 801.0147
C005 191 G 60 1 1 0 960.3148
C005 192 L 30 1 1 0 899.3823
C005 193 R 0 1 1 0 715.7068
C005 194 L 150 0 0 0 775.7053
C005 195 F 90 1 1 0 776.8144
C005 196 L 0 1 1 0 659.7827
C005 197 R 120 1 1 0 633.1451
C005 198 L 120 0 0 0 797.0478
C005 199 R 150 1 1 0 645.1322
C005 200 L 150 1 1 0 724.5512
C005 201 R 30 0 0 0 625.1582
C005 202 F 30 0 0 0 544.8076
C005 203 G 90 0 0 0 766.2243
C005 204 F 180 1 1 0 1127.3019
C005 205 F 30 1 1 0 728.0904
C005 206 F 180 0 1 1 1058.9692
C005 207 G 90 1 1 0 803.3269
C005 208 L 90 0 0 0 690.9108
C005 209 F 0 1 1 0 1030.5805
C005 210 G 180 1 1 0 1015.8107
C005 211 L 60 1 1 0 589.3793
C005 212 L 120 1 1 0 488.6871
C005 213 R 30 1 1 0 556.8365
C005 214 R 0 0 0 0 597.5563
C005 215 L 60 0 0 0 572.9258
C005 216 R 120 0 0 0 722.0981
C005 217 L 60 0 0 0 523.2312
C005 218 F 150 0 0 0 682.2926
C005 219 L 180 1 1 0 984.5647
C005 220 F 90 0 0 0 966.4548
C005 221 R 0 0 0 0 608.7869
C005 222 F 120 1 1 0 721.6501
C005 223 G 0 0 0 0 878.1558
C005 224 R 0 1 1 0 707.1709
C005 225 G 90 1 1 0 634.4487
C005 226 L 180 1 1 0 1057.6382
C005 227 F 180 0 1 1 654.6329
C005 228 R 150 0 0 0 862.9375
C005 229 F 180 1 1 0 1275.1957
C005 230 G 30 1 1 0 977.1196
C005 231 F 150 1 1 0 1067.1163
C005 232 R 180 0 0 0 1309.0488
C005 233 L 120 0 0 0 981.8608
C005 234 F 60 0 0 0 548.9227
C005 235 G 0 1 1 0 789.4434
C005 236 R 60 1 1 0 974.9172
C005 237 G 150 0 0 0 1057.5593
C005 238 G 60 0 0 0 733.0698
C005 239 R 60 1 1 0 809.3125
C005 240 F 90 1 1 0 1592.4445
C005 241 R 60 0 0 0 809.8765
C005 242 G 120 1 1 0 970.9612
C005 243 G 30 1 1 0 829.6368
C005 244 G 0 1 1 0 844.1179
C005 245 F 90 0 0 0 847.5517
C005 246 L 90 1 1 0 1174.3119
C005 247 G 120 0 0 0 819.7265
C005 248 G 180 0 0 0 875.5203
C005 249 R 30 1 1 0 914.631
C005 250 G 30 0 0 0 707.3297
C005 251 R 120 1 1 0 1439.8635
C005 252 F 60 1 1 0 951.1172
C005 253 R 120 0 0 0 733.9292
C005 254 R 90 1 1 0 795.9271
C005 255 F 0 0 0 0 655.2893
C005 256 R 90 1 1 0 809.2403
C005 257 L 30 0 0 0 764.9005
C005 258 L 120 1 1 0 932.7947
C005 259 G 150 1 1 0 952.4342
C005 260 R 150 1 1 0 645.3208
C005 261 L 60 1 1 0 590.9013
C005 262 F 120 0 0 0 856.1579
C005 263 F 0 0 0 0 559.8276
C005 264 R 180 0 0 0 1722.8179
C005 265 F 120 1 1 0 851.5606
C005 266 L 0 1 1 0 863.4938
C005 267 F 60 0 0 0 631.4263
C005 268 G 150 0 0 0 1539.0621
C005 269 L 90 0 0 0 802.4093
C005 270 G 30 0 0 0 621.6739
C005 271 L 30 1 1 0 684.5806
