B002 55 G 30 1 1 0 1750.9971
B002 56 R 30 1 9997 1 2000.0615
B002 57 F 60 0 9997 1 2000.038
B002 58 G 90 1 0 1 1394.5141
B002 59 L 180 1 9997 1 2000.0249
B002 60 L 180 0 1 1 1532.3506
B002 61 R 30 0 0 0 875.8909
B002 62 F 180 1 0 1 1549.286
B002 63 R 120 0 0 0 788.0264
B002 64 F 60 1 1 0 766.237
B002 65 F 0 1 1 0 728.8242
B002 66 R 120 1 1 0 1059.0209
B002 67 R 0 0 0 0 518.0035
B002 68 F 120 1 1 0 655.5274
B002 69 G 180 1 9997 1 2000.019
B002 70 F 150 1 1 0 1164.8123
B002 71 L 0 0 0 0 805.5951
B002 72 F 90 0 0 0 648.9534
B002 73 G 30 0 0 0 609.7666
B002 74 R 0 1 1 0 1215.3936
B002 75 L 90 0 0 0 943.0967
B002 76 L 60 1 1 0 740.0767
B002 77 G 60 0 0 0 611.4646
B002 78 L 150 0 1 1 1191.9859
B002 79 F 30 0 0 0 365.304
B002 80 R 150 1 1 0 634.8027
B002 81 F 180 1 1 0 1130.4649
B002 82 L 0 1 0 1 409.6169
B002 83 F 0 0 0 0 449.2185
B002 84 L 30 0 0 0 556.0793
B002 85 F 60 0 0 0 383.0959
B002 86 F 150 0 0 0 676.2066
B002 87 L 150 0 0 0 605.3401
B002 88 R 180 1 1 0 824.2028
B002 89 R 180 1 0 1 1046.2316
B002 90 L 0 0 0 0 590.9908
B002 91 F 150 0 0 0 754.6115
B002 92 G 120 1 9997 1 2000.0327
B002 93 R 90 0 0 0 544.7399
B002 94 F 60 1 0 1 549.6274
B002 95 G 30 1 1 0 1648.0419
B002 96 L 90 0 0 0 843.1337
B002 97 R 150 0 0 0 826.0178
B002 98 R 60 0 0 0 524.877
B002 99 L 30 1 1 0 1089.8997
B002 100 G 0 1 1 0 841.9439
B002 101 F 0 1 1 0 582.707
B002 102 L 90 1 1 0 1069.4432
B002 103 G 180 0 0 0 1295.9267
B002 104 G 90 1 1 0 1110.2861
B002 105 L 150 1 9997 1 2000.0397
B002 106 R 90 0 0 0 589.8856
B002 107 R 180 0 1 1 798.8398
B002 108 F 180 0 0 0 818.941
B002 109 L 150 1 1 0 1440.939
B002 110 L 180 1 1 0 1324.822
B002 111 R 120 0 0 0 615.4154
B002 112 G 120 0 9997 1 2000.0182
B002 113 L 30 0 0 0 561.9264
B002 114 G 0 0 0 0 602.8738
B002 115 R 30 1 1 0 842.2196
B002 116 G 150 0 0 0 1133.0834
B002 117 L 0 1 1 0 894.8274
B002 118 R 180 0 0 0 1091.2135
B002 119 R 60 1 1 0 796.5887
B002 120 F 0 0 1 1 827.7331
B002 121 R 120 1 1 0 940.9187
B002 122 G 90 0 0 0 664.0174
B002 123 R 0 0 0 0 622.3224
B002 124 F 90 1 1 0 712.5389
B002 125 F 30 1 1 0 644.188
B002 126 G 120 0 0 0 670.9115
B002 127 F 120 0 0 0 636.6013
B002 128 L 180 0 1 1 634.2435
B002 129 R 90 1 1 0 932.5048
B002 130 G 90 0 0 0 636.4225
B002 131 F 120 0 0 0 611.8118
B002 132 F 180 0 0 0 1032.3041
B002 133 G 60 0 0 0 524.363
B002 134 L 60 0 0 0 535.5111
B002 135 L 30 1 1 0 620.2886
B002 136 F 120 1 1 0 820.2844
B002 137 L 120 1 1 0 776.0338
B002 138 F 30 1 1 0 829.9588
B002 139 R 0 1 1 0 668.0978
B002 140 R 30 0 0 0 657.3207
B002 141 G 60 1 1 0 669.4125
B002 142 F 90 1 1 0 706.4099
B002 143 G 0 0 0 0 454.6282
B002 144 G 150 1 1 0 526.3443
B002 145 G 60 1 1 0 510.5062
B002 146 R 60 1 1 0 616.002
B002 147 G 150 0 1 1 542.5771
B002 148 G 30 0 0 0 539.2761
B002 149 F 150 1 0 1 727.1799
B002 150 G 150 1 1 0 1656.158
B002 151 R 60 0 0 0 452.6768
B002 152 R 150 0 1 1 506.3758
B002 153 L 120 0 0 0 554.5076
B002 154 G 120 1 1 0 598.9747
B002 155 R 150 1 1 0 708.8725
B002 156 F 90 0 0 0 462.582
B002 157 L 90 1 0 1 1019.8425
B002 158 F 30 0 0 0 530.5423
B002 159 G 180 1 1 0 650.5483
B002 160 L 60 1 1 0 1168.0342
B002 161 L 120 0 0 0 776.4945
B002 162 G 180 0 0 0 1158.9451
B002 163 L 60 0 0 0 549.4575
B002 164 R 90 1 1 0 896.0678
B002 165 L 120 1 1 0 562.5916
B002 166 G 0 1 0 1 1075.5507
B002 167 L 30 0 0 0 648.6129
B002 168 F 0 1 1 0 565.3777
B002 169 L 90 1 0 1 914.034
B002 170 R 150 0 0 0 511.7617
B002 171 L 60 1 1 0 864.6135
B002 172 R 0 1 1 0 734.2777
B002 173 L 150 1 1 0 1380.7992
B002 174 L 150 0 0 0 860.5088
B002 175 R 120 0 0 0 555.6849
B002 176 R 30 0 0 0 449.256
B002 177 G 60 0 0 0 540.902
B002 178 L 0 1 1 0 781.5862
B002 179 F 180 0 1 1 1387.121
B002 180 R 60 1 1 0 1161.1073
B002 181 L 180 0 0 0 1135.0982
B002 182 G 0 0 0 0 714.9068
B002 183 G 120 1 1 0 738.1139
B002 184 G 180 0 1 1 1081.0231
B002 185 F 60 1 1 0 1243.5508
B002 186 F 90 1 1 0 1173.7718
B002 187 F 180 1 1 0 1370.8999
B002 188 G 150 1 9997 1 2000.024
B002 189 R 180 0 0 0 1008.7517
B002 190 G 180 1 1 0 1197.5793
B002 191 G 150 0 0 0 1619.1815
B002 192 L 180 1 9997 1 2000.0377
B002 193 G 30 0 0 0 766.3385
B002 194 L 0 1 1 0 543.1981
B002 195 F 30 1 1 0 913.1138
B002 196 L 120 1 1 0 1424.697
B002 197 L 180 1 1 0 1132.4107
B002 198 F 60 1 1 0 1324.2217
B002 199 F 60 0 0 0 706.518
B002 200 L 30 1 1 0 1108.3733
B002 201 L 150 0 0 0 1517.1079
B002 202 G 150 0 0 0 916.6324
B002 203 L 60 1 1 0 677.1
B002 204 L 60 0 0 0 574.7602
B002 205 R 90 1 1 0 1164.3837
B002 206 F 30 0 0 0 583.2549
B002 207 L 120 0 0 0 1263.7444
B002 208 R 60 1 1 0 1255.7121
B002 209 F 90 0 0 0 653.0336
B002 210 R 150 0 0 0 645.063
B002 211 L 0 0 0 0 635.5059
B002 212 R 180 1 1 0 1090.3302
B002 213 G 180 1 1 0 1054.781
B002 214 G 30 1 1 0 1210.6433
B002 215 L 30 0 0 0 579.7295
B002 216 L 120 1 1 0 1257.0397
B002 217 G 150 1 1 0 1022.7859
B002 218 G 30 1 1 0 1206.2268
B002 219 L 0 0 0 0 516.5589
B002 220 R 30 0 0 0 446.293
B002 221 F 0 0 0 0 401.1163
B002 222 L 180 0 1 1 660.2183
B002 223 G 180 0 0 0 1073.8826
B002 224 G 120 1 1 0 820.354
B002 225 R 120 0 0 0 592.211
B002 226 R 90 0 0 0 478.006
B002 227 R 30 1 1 0 569.2539
B002 228 G 120 0 0 0 837.1449
B002 229 F 150 0 0 0 718.9796
B002 230 F 180 1 1 0 1251.2149
B002 231 F 120 0 0 0 500.4192
B002 232 L 150 1 1 0 1580.3933
B002 233 G 60 1 1 0 761.8113
B002 234 R 90 1 1 0 627.0414
B002 235 R 180 1 1 0 1061.8366
B002 236 R 90 0 0 0 537.3426
B002 237 F 90 0 0 0 570.4412
B002 238 F 30 1 1 0 718.6332
B002 239 F 120 1 1 0 1032.9168
B002 240 F 90 1 1 0 765.8772
B002 241 R 0 1 1 0 858.4393
B002 242 G 60 0 0 0 586.1734
B002 243 F 60 0 0 0 514.3218
B002 244 R 0 0 0 0 675.9166
B002 245 G 30 0 0 0 454.7966
B002 246 F 120 0 0 0 692.5319
B002 247 G 90 0 0 0 562.0295
B002 248 F 150 1 1 0 750.4367
B002 249 L 60 0 0 0 648.4159
B002 250 R 60 0 0 0 447.3988
B002 251 G 120 0 0 0 636.4868
B002 252 F 150 1 1 0 677.0668
B002 253 L 120 0 0 0 985.4965
B002 254 G 0 1 1 0 989.6062
B002 255 R 60 0 0 0 546.7835
B002 256 R 150 1 1 0 1084.413
B002 257 G 90 1 0 1 1203.9374
B002 258 R 150 1 1 0 1106.1289
B002 259 G 0 1 0 1 1620.1676
B002 260 F 150 0 0 0 681.1187
B002 261 G 0 0 0 0 554.1995
B002 262 F 0 0 0 0 511.8846
B002 263 L 90 1 1 0 1003.9715
B002 264 R 120 1 1 0 1817.1748
B002 265 F 120 1 1 0 1084.6054
B002 266 L 90 0 0 0 552.5049
B002 267 F 30 0 0 0 527.4226
B002 268 G 90 0 0 0 746.7815
B002 269 R 0 0 0 0 506.6205
B002 270 F 0 1 1 0 1877.4165
B002 271 R 180 0 0 0 1353.4103
B002 272 G 60 1 1 0 953.4438
B002 273 F 180 0 0 0 1212.9491
B002 274 G 90 1 1 0 1437.4282
B002 275 R 30 1 1 0 923.0011
B002 276 L 90 0 0 0 594.8323
B002 277 R 120 1 1 0 1168.7617
B002 278 L 30 1 1 0 1226.329
