K002 20 F 60 1 1 0 1258.1758
K002 21 L 60 1 1 0 1124.37
K002 22 G 90 1 1 0 647.6857
K002 23 G 60 1 1 0 431.9133
K002 24 F 180 1 1 0 1957.8265
K002 25 G 0 1 1 0 1454.3499
K002 26 G 0 1 1 0 878.2669
K002 27 G 60 1 0 1 1249.7641
K002 28 R 180 1 9997 1 2000.0386
K002 29 G 90 1 1 0 1358.1307
K002 30 L 120 0 1 1 1707.3257
K002 31 F 0 1 0 1 1806.2676
K002 32 R 0 1 0 1 860.2426
K002 33 F 120 0 1 1 1764.7966
K002 34 F 90 0 1 1 1164.5162
K002 35 R 180 0 9997 1 2000.0341
K002 36 F 30 0 0 0 975.7349
K002 37 G 150 0 0 0 830.4254
K002 38 F 90 0 0 0 761.6451
K002 39 F 60 0 0 0 511.1259
K002 40 F 120 1 1 0 1322.2708
K002 41 F 90 1 1 0 1084.5283
K002 42 F 120 0 0 0 788.8324
K002 43 G 180 0 0 0 1459.3411
K002 44 R 120 0 0 0 690.8917
K002 45 L 30 0 0 0 1220.5845
K002 46 L 30 1 1 0 624.9342
K002 47 G 180 1 0 1 1072.0256
K002 48 R 0 0 1 1 901.6381
K002 49 F 30 0 0 0 827.7088
K002 50 G 120 1 1 0 748.1943
K002 51 L 150 1 1 0 1112.3875
K002 52 R 30 1 1 0 757.8326
K002 53 L 30 0 0 0 725.1475
K002 54 L 150 0 0 0 872.5089
K002 55 L 60 0 0 0 543.7646
K002 56 R 150 0 0 0 856.7843
K002 57 R 60 0 0 0 687.2072
K002 58 R 150 0 0 0 484.2596
K002 59 L 90 1 1 0 724.0401
K002 60 R 150 1 0 1 751.614
K002 61 G 180 0 1 1 1172.6756
K002 62 G 0 0 0 0 1219.3052
K002 63 G 120 0 0 0 1129.4131
K002 64 L 180 1 1 0 1090.8054
K002 65 G 30 0 0 0 629.5239
K002 66 L 90 0 1 1 780.5003
K002 67 L 0 0 0 0 609.8982
K002 68 F 0 0 0 0 618.475
K002 69 G 0 0 0 0 442.7152
K002 70 R 180 1 1 0 1295.209
K002 71 G 180 1 1 0 781.189
K002 72 R 90 0 0 0 700.3507
K002 73 G 150 1 1 0 593.4827
K002 74 L 180 1 0 1 1003.1828
K002 75 R 60 0 0 0 857.9476
K002 76 L 120 1 1 0 774.5468
K002 77 F 150 0 0 0 887.8723
K002 78 F 30 1 1 0 681.1734
K002 79 R 0 1 1 0 725.5858
K002 80 F 30 1 1 0 556.3925
K002 81 F 90 1 1 0 675.3671
K002 82 R 30 0 0 0 690.2768
K002 83 L 60 0 0 0 579.8064
K002 84 G 120 0 0 0 607.2987
K002 85 F 150 1 1 0 685.2047
K002 86 G 60 0 0 0 689.4823
K002 87 L 30 1 1 0 727.031
K002 88 G 150 0 0 0 641.5475
K002 89 F 60 1 1 0 745.4568
K002 90 L 180 0 0 0 1135.924
K002 91 F 150 0 0 0 637.4036
K002 92 G 150 1 1 0 574.2956
K002 93 L 90 1 1 0 1641.3388
K002 94 L 60 1 1 0 562.7299
K002 95 L 150 0 0 0 570.1012
K002 96 R 120 1 1 0 865.8762
K002 97 L 120 1 1 0 910.1313
K002 98 R 90 0 0 0 628.7835
K002 99 R 150 1 1 0 628.7067
K002 100 G 60 0 0 0 708.8974
K002 101 R 90 1 1 0 819.1278
K002 102 R 180 0 1 1 1027.0479
K002 103 L 180 0 0 0 854.9427
K002 104 G 30 1 1 0 573.0924
K002 105 F 60 0 0 0 713.9243
K002 106 G 120 1 1 0 550.8021
K002 107 R 120 1 1 0 703.516
K002 108 F 0 1 0 1 617.9612
K002 109 R 0 0 0 0 692.383
K002 110 F 180 0 0 0 928.8083
K002 111 R 60 1 1 0 624.868
K002 112 F 150 1 1 0 599.905
K002 113 L 0 1 1 0 770.5616
K002 114 G 30 1 1 0 632.7137
K002 115 F 0 0 0 0 504.7686
K002 116 R 30 0 0 0 523.4115
K002 117 L 150 1 1 0 660.879
K002 118 F 180 1 1 0 776.7864
K002 119 F 180 0 0 0 1219.0547
K002 120 R 30 1 1 0 1115.2127
K002 121 R 60 1 1 0 523.3087
K002 122 G 90 0 0 0 771.7031
K002 123 G 30 0 0 0 370.5203
K002 124 L 0 0 0 0 568.7555
K002 125 L 0 1 1 0 645.1538
K002 126 L 120 0 0 0 659.3036
K002 127 F 120 1 1 0 614.9248
K002 128 R 90 1 1 0 680.3069
K002 129 R 120 0 0 0 735.5597
K002 130 L 90 0 0 0 470.4115
K002 131 G 90 0 0 0 447.27
K002 132 F 150 0 0 0 769.6922
K002 133 F 30 1 1 0 640.9837
K002 134 R 60 1 1 0 696.3307
K002 135 F 90 0 0 0 498.7159
K002 136 G 150 1 1 0 629.2568
K002 137 G 30 0 0 0 556.3322
K002 138 F 90 1 1 0 562.6559
K002 139 R 0 0 0 0 575.3237
K002 140 R 180 0 1 1 996.6085
K002 141 G 0 0 0 0 563.0948
K002 142 F 30 1 1 0 477.2383
K002 143 F 60 1 1 0 623.6108
K002 144 G 90 0 0 0 607.7186
K002 145 G 180 1 1 0 516.9847
K002 146 G 150 0 0 0 603.6122
K002 147 R 60 0 0 0 575.0116
K002 148 R 30 1 1 0 584.9459
K002 149 F 30 0 0 0 375.0507
K002 150 G 0 1 1 0 682.7862
K002 151 G 30 1 1 0 543.3453
K002 152 R 90 1 0 1 1463.3117
K002 153 F 0 0 0 0 704.501
K002 154 R 0 1 1 0 645.4602
K002 155 G 120 0 1 1 1080.6795
K002 156 L 180 0 0 0 1623.4695
K002 157 R 120 0 0 0 563.2132
K002 158 L 150 0 0 0 673.1643
K002 159 L 120 0 0 0 646.8068
K002 160 F 180 0 0 0 625.8284
K002 161 L 120 1 1 0 635.2246
K002 162 G 180 0 0 0 1192.5412
K002 163 L 60 1 1 0 782.3265
K002 164 G 30 1 1 0 760.8925
K002 165 R 120 1 1 0 754.3151
K002 166 L 30 0 0 0 681.595
K002 167 R 120 1 1 0 584.3257
K002 168 R 60 0 0 0 491.1381
K002 169 R 180 1 1 0 432.4818
K002 170 R 150 1 1 0 1364.8922
K002 171 F 120 1 1 0 1723.5411
K002 172 L 60 1 1 0 734.4489
K002 173 R 150 0 1 1 568.3507
K002 174 L 150 1 1 0 861.0103
K002 175 F 180 1 1 0 1469.4798
K002 176 G 150 0 0 0 1160.545
K002 177 F 90 0 0 0 486.2601
K002 178 R 180 1 1 0 649.9147
K002 179 F 60 0 0 0 701.7579
K002 180 L 90 0 0 0 858.4105
K002 181 L 0 1 1 0 716.1438
K002 182 L 150 0 0 0 822.2118
K002 183 R 30 0 0 0 563.2551
K002 184 G 180 0 0 0 640.321
K002 185 L 0 0 0 0 479.2106
K002 186 R 150 1 1 0 680.4577
K002 187 L 60 0 0 0 558.535
K002 188 F 120 0 0 0 520.9698
K002 189 F 120 0 0 0 330.3431
K002 190 R 150 0 0 0 568.3929
K002 191 R 0 1 1 0 469.2094
K002 192 G 60 0 0 0 384.1678
K002 193 L 180 1 0 1 1850.6788
K002 194 L 150 1 0 1 600.6096
K002 195 R 90 1 1 0 740.4067
K002 196 G 120 0 0 0 1288.4727
K002 197 R 90 0 0 0 482.6781
K002 198 F 60 1 1 0 616.8468
K002 199 L 90 1 1 0 639.395
K002 200 R 90 0 0 0 721.5951
K002 201 R 180 0 0 0 1732.9283
K002 202 G 90 1 1 0 652.4402
K002 203 L 30 0 0 0 613.1179
K002 204 L 120 0 0 0 557.3555
K002 205 F 150 0 0 0 598.5791
K002 206 G 90 0 0 0 604.0896
K002 207 G 60 1 1 0 568.8941
K002 208 L 180 1 9997 1 2000.0246
K002 209 G 120 1 9997 1 2000.0235
K002 210 G 120 1 1 0 1337.9544
K002 211 F 60 0 0 0 640.9144
K002 212 F 180 0 0 0 665.6282
K002 213 L 90 1 1 0 912.3646
K002 214 L 120 1 1 0 1131.8355
K002 215 G 30 0 0 0 834.0007
K002 216 G 60 0 0 0 861.9565
K002 217 L 180 0 0 0 976.8923
K002 218 F 0 0 0 0 544.1985
K002 219 G 0 0 0 0 472.9981
K002 220 F 150 1 1 0 714.5419
K002 221 G 150 1 1 0 657.2612
K002 222 F 120 1 1 0 897.6521
K002 223 L 0 0 0 0 532.7037
K002 224 L 30 1 1 0 789.4526
K002 225 G 60 1 1 0 687.8254
K002 226 F 30 0 0 0 941.2914
K002 227 F 0 1 1 0 642.0037
K002 228 F 180 1 1 0 824.2148
K002 229 R 30 0 0 0 590.4359
K002 230 L 90 0 1 1 597.2119
K002 231 G 180 1 1 0 765.0419
K002 232 L 0 1 1 0 945.4562
K002 233 F 90 1 1 0 798.5962
K002 234 F 150 1 1 0 859.2514
K002 235 R 60 1 1 0 857.9887
K002 236 L 30 1 0 1 1268.8694
K002 237 L 60 0 0 0 725.488
K002 238 G 90 1 1 0 727.1271
K002 239 R 30 1 1 0 857.9462
K002 240 R 120 0 1 1 579.9986
K002 241 R 0 0 0 0 596.228
K002 242 G 0 1 1 0 607.5959
K002 243 F 0 1 1 0 655.5417
