A112 17 F 150 0 1 1 1066.8549
A112 18 R 0 1 1 0 1200.3995
A112 19 L 60 1 1 0 914.6769
A112 20 L 90 1 1 0 715.408
A112 21 G 150 0 0 0 1169.7476
A112 22 F 180 1 1 0 862.2124
A112 23 G 90 0 0 0 686.3646
A112 24 F 150 1 1 0 1105.9294
A112 25 R 60 0 0 0 643.957
A112 26 R 30 0 0 0 515.66
A112 27 R 30 1 1 0 632.2731
A112 28 L 90 1 1 0 565.6912
A112 29 L 60 0 0 0 508.4484
A112 30 F 150 0 0 0 663.764
A112 31 L 0 0 0 0 539.9432
A112 32 G 0 1 1 0 734.3079
A112 33 F 120 1 1 0 579.9589
A112 34 G 30 0 0 0 841.198
A112 35 F 90 1 1 0 605.5152
A112 36 L 120 1 1 0 635.129
A112 37 R 60 1 1 0 661.6246
A112 38 G 120 1 1 0 673.9823
A112 39 G 180 1 1 0 714.0592
A112 40 L 30 0 0 0 557.4119
A112 41 G 120 0 1 1 750.6197
A112 42 F 30 0 0 0 668.366
A112 43 R 180 0 1 1 1129.5667
A112 44 L 60 1 1 0 1050.6341
A112 45 G 90 1 1 0 789.1875
A112 46 R 60 0 0 0 624.1564
A112 47 F 60 0 0 0 612.4164
A112 48 R 90 1 1 0 880.9913
A112 49 G 60 1 1 0 722.5614
A112 50 G 0 0 0 0 638.8195
A112 51 F 90 0 0 0 599.2988
A112 52 G 30 0 0 0 523.8588
A112 53 F 30 1 1 0 757.4234
A112 54 F 30 0 0 0 645.2951
A112 55 L 90 0 0 0 732.2531
A112 56 F 30 1 1 0 643.3279
A112 57 G 150 1 1 0 802.488
A112 58 R 180 1 1 0 769.9808
A112 59 G 60 0 0 0 587.7641
A112 60 R 120 1 1 0 763.8041
A112 61 L 150 0 1 1 598.4096
A112 62 G 150 0 0 0 671.3434
A112 63 L 150 1 1 0 808.6542
A112 64 R 0 0 0 0 575.6452
A112 65 L 0 0 0 0 575.2036
A112 66 F 120 0 0 0 643.5248
A112 67 G 150 1 1 0 878.7122
A112 68 F 180 0 1 1 685.0633
A112 69 R 90 1 1 0 1416.67
A112 70 F 120 0 0 0 631.0769
A112 71 F 0 1 1 0 726.0632
A112 72 F 90 1 1 0 681.9719
A112 73 L 120 0 0 0 864.0422
A112 74 F 180 0 0 0 1028.7056
A112 75 F 60 0 0 0 560.0882
A112 76 R 90 0 0 0 700.1957
A112 77 G 120 1 1 0 699.8728
A112 78 R 120 0 0 0 650.4986
A112 79 R 150 1 1 0 923.8629
A112 80 R 150 1 1 0 559.3633
A112 81 R 0 0 0 0 588.1829
A112 82 G 180 0 1 1 937.3971
A112 83 G 90 0 0 0 594.9016
A112 84 F 0 0 0 0 547.8283
A112 85 R 30 1 1 0 836.2736
A112 86 G 0 1 1 0 758.026
A112 87 L 0 1 1 0 624.9562
A112 88 L 30 1 1 0 587.5046
A112 89 G 120 0 0 0 917.9496
A112 90 F 120 1 1 0 692.3531
A112 91 L 30 1 1 0 775.6491
A112 92 R 180 1 1 0 909.7394
A112 93 G 30 1 1 0 668.3352
A112 94 G 0 0 0 0 595.8791
A112 95 L 180 1 1 0 1290.6903
A112 96 R 150 0 0 0 881.7995
A112 97 G 180 0 0 0 958.7931
A112 98 L 60 0 0 0 607.6865
A112 99 L 120 1 1 0 1283.5894
A112 100 F 0 1 1 0 633.1975
A112 101 L 120 0 0 0 686.3716
A112 102 F 150 1 1 0 864.1953
A112 103 F 90 0 0 0 632.8628
A112 104 L 30 0 0 0 569.2089
A112 105 L 0 1 1 0 668.9917
A112 106 R 150 0 0 0 729.1234
A112 107 R 60 1 1 0 709.5293
A112 108 L 180 0 0 0 1116.2706
A112 109 F 180 1 1 0 992.5063
A112 110 R 0 1 1 0 565.254
A112 111 G 60 1 1 0 701.559
A112 112 L 150 1 1 0 781.1356
A112 113 R 120 0 0 0 626.7419
A112 114 F 0 0 0 0 562.9797
A112 115 G 180 1 1 0 831.0274
A112 116 L 180 0 1 1 939.4113
A112 117 G 30 1 0 1 861.0538
A112 118 F 60 1 1 0 855.8127
A112 119 G 60 0 0 0 662.3051
A112 120 L 90 0 0 0 764.7413
A112 121 R 30 0 0 0 634.2016
A112 122 R 120 1 1 0 658.5289
A112 123 L 180 1 1 0 1133.4935
A112 124 F 60 1 1 0 832.546
A112 125 R 90 0 0 0 828.2882
A112 126 L 150 0 0 0 916.6916
A112 127 G 90 1 1 0 1250.0667
A112 128 R 180 0 0 0 1665.3396
A112 129 G 120 1 1 0 850.2857
A112 130 F 30 1 1 0 831.9052
A112 131 G 180 0 1 1 1255.9406
A112 132 R 120 1 1 0 753.4251
A112 133 F 60 1 1 0 575.3698
A112 134 L 90 1 1 0 725.6405
A112 135 G 60 0 0 0 595.7335
A112 136 L 90 0 0 0 702.2739
A112 137 G 120 0 0 0 853.8219
A112 138 G 150 0 0 0 733.4399
A112 139 G 60 0 0 0 528.3764
A112 140 L 180 0 0 0 1155.2276
A112 141 R 90 1 1 0 761.0761
A112 142 G 180 0 0 0 1750.2303
A112 143 F 0 0 0 0 946.0085
A112 144 R 30 1 1 0 765.0386
A112 145 F 90 0 0 0 774.3107
A112 146 G 90 1 1 0 879.4629
A112 147 F 150 0 0 0 925.6439
A112 148 F 180 1 1 0 631.5266
A112 149 R 150 0 0 0 705.2662
A112 150 G 0 0 0 0 716.3276
A112 151 R 0 1 1 0 556.0712
A112 152 L 60 0 0 0 512.573
A112 153 G 180 1 1 0 741.7884
A112 154 F 120 0 0 0 519.5465
A112 155 L 60 1 1 0 718.0675
A112 156 G 120 1 1 0 596.0339
A112 157 R 120 1 1 0 642.1727
A112 158 G 90 0 0 0 594.9329
A112 159 G 90 0 0 0 455.1981
A112 160 F 150 0 0 0 458.4801
A112 161 R 180 1 1 0 680.2541
A112 162 R 150 1 1 0 526.8231
A112 163 F 90 0 0 0 491.9312
A112 164 R 0 0 0 0 618.2825
A112 165 F 180 1 1 0 686.1093
A112 166 F 0 1 1 0 623.4541
A112 167 G 30 1 1 0 519.915
A112 168 L 150 0 0 0 794.4021
A112 169 F 150 1 1 0 805.9304
A112 170 G 60 1 1 0 510.0791
A112 171 R 60 1 1 0 525.3341
A112 172 L 120 0 0 0 751.3053
A112 173 R 180 1 1 0 646.4484
A112 174 R 60 0 0 0 692.4212
A112 175 G 180 1 1 0 939.7094
A112 176 G 30 0 0 0 742.5572
A112 177 R 30 0 0 0 511.0988
A112 178 R 0 1 1 0 512.9375
A112 179 F 180 0 0 0 882.052
A112 180 L 120 1 1 0 722.7393
A112 181 G 90 1 1 0 641.8025
A112 182 G 0 1 1 0 726.8516
A112 183 R 150 1 1 0 744.8617
A112 184 F 150 1 1 0 683.3095
A112 185 L 90 1 1 0 773.9439
A112 186 F 120 1 1 0 664.6775
A112 187 R 90 1 1 0 583.7815
A112 188 F 120 0 0 0 560.0698
A112 189 R 30 0 0 0 514.1086
A112 190 R 90 0 0 0 603.8217
A112 191 L 150 0 0 0 637.8087
A112 192 G 150 1 1 0 753.767
A112 193 L 0 1 1 0 879.659
A112 194 L 60 0 0 0 648.8964
A112 195 L 180 0 1 1 602.9504
A112 196 L 180 1 1 0 1159.5666
A112 197 L 0 1 1 0 836.3982
A112 198 F 60 0 0 0 586.3689
A112 199 F 90 1 1 0 593.8908
A112 200 F 120 1 1 0 537.1616
A112 201 R 120 0 0 0 668.3009
A112 202 L 0 0 0 0 522.4161
A112 203 G 0 1 1 0 597.2955
A112 204 G 150 0 0 0 902.7916
A112 205 R 180 0 1 1 619.8433
A112 206 R 30 1 1 0 745.4758
A112 207 R 90 0 0 0 631.9133
A112 208 L 180 1 1 0 1496.236
A112 209 R 60 0 0 0 613.6207
A112 210 F 30 0 0 0 568.9544
A112 211 L 60 1 1 0 674.6075
A112 212 R 60 1 1 0 840.1325
A112 213 G 60 1 1 0 551.1865
A112 214 R 150 0 0 0 690.4003
A112 215 R 180 0 0 0 677.4453
A112 216 G 150 1 1 0 792.9717
A112 217 R 120 0 0 0 594.0009
A112 218 L 30 0 0 0 543.2897
A112 219 L 30 1 1 0 506.4705
A112 220 F 30 1 1 0 553.729
A112 221 L 0 0 0 0 541.0249
A112 222 F 180 0 0 0 1026.0399
A112 223 L 90 0 0 0 536.2377
A112 224 F 0 1 1 0 571.1352
A112 225 G 30 1 1 0 521.6926
A112 226 F 60 1 1 0 543.5842
A112 227 R 0 0 0 0 566.0784
A112 228 F 30 0 0 0 560.398
A112 229 L 120 0 0 0 665.3256
A112 230 F 0 0 0 0 625.6946
A112 231 L 30 1 1 0 663.1186
A112 232 L 120 1 1 0 587.7565
A112 233 G 0 0 0 0 671.3811
A112 234 F 60 0 0 0 510.7828
A112 235 L 150 1 1 0 765.3808
A112 236 F 90 1 1 0 598.0333
A112 237 L 150 1 1 0 635.0743
A112 238 L 30 0 0 0 510.832
A112 239 G 30 0 0 0 566.8341
A112 240 G 120 0 0 0 638.5035
