F005 16 F 150 1 0 1 1883.5925
F005 17 L 30 0 0 0 1209.3562
F005 18 F 60 0 1 1 737.7083
F005 19 G 60 1 9997 1 2000.0338
F005 20 F 60 0 0 0 1028.2391
F005 21 G 90 1 1 0 1625.1001
F005 22 L 180 0 9997 1 2000.0427
F005 23 R 150 0 0 0 922.3312
F005 24 F 90 0 0 0 709.3686
F005 25 L 150 1 1 0 750.8641
F005 26 G 180 0 0 0 1123.4752
F005 27 L 120 1 1 0 717.9558
F005 28 F 90 1 1 0 687.8123
F005 29 L 0 0 0 0 1071.5105
F005 30 R 180 0 0 0 1494.36
F005 31 F 60 1 1 0 707.3061
F005 32 F 90 0 0 0 652.9358
F005 33 L 0 1 1 0 614.5415
F005 34 L 150 0 0 0 953.4885
F005 35 F 150 0 0 0 977.0175
F005 36 G 150 1 1 0 771.9797
F005 37 R 120 1 1 0 639.2438
F005 38 R 0 1 1 0 550.8245
F005 39 R 90 0 0 0 539.7803
F005 40 G 90 0 0 0 471.9343
F005 41 L 90 0 0 0 595.7402
F005 42 F 0 1 1 0 595.9587
F005 43 L 90 0 0 0 509.7955
F005 44 F 150 1 1 0 837.1614
F005 45 F 30 1 1 0 651.1484
F005 46 L 0 0 0 0 502.8986
F005 47 F 30 0 0 0 499.6068
F005 48 R 60 1 1 0 522.3899
F005 49 F 120 0 0 0 455.8672
F005 50 G 60 1 1 0 404.4165
F005 51 R 120 0 0 0 762.248
F005 52 G 0 0 0 0 621.3605
F005 53 F 120 1 1 0 893.282
F005 54 F 60 1 1 0 1134.3822
F005 55 G 180 0 0 0 1324.3231
F005 56 G 30 1 1 0 997.3335
F005 57 L 180 0 0 0 1157.2113
F005 58 L 30 1 1 0 1333.6321
F005 59 G 120 1 1 0 1377.0029
F005 60 L 180 1 1 0 1109.7598
F005 61 L 90 1 1 0 672.441
F005 62 G 180 1 1 0 1250.1611
F005 63 R 150 1 1 0 822.0589
F005 64 R 120 1 1 0 592.2568
F005 65 G 0 1 1 0 1024.8303
F005 66 G 30 0 0 0 577.9877
F005 67 R 30 0 0 0 473.2995
F005 68 F 180 1 1 0 1497.2121
F005 69 R 90 1 1 0 736.5743
F005 70 L 120 0 0 0 586.6639
F005 71 R 150 0 0 0 1568.4091
F005 72 L 0 1 1 0 671.9874
F005 73 R 60 1 1 0 568.2923
F005 74 G 90 1 1 0 791.733
F005 75 G 60 0 0 0 530.2652
F005 76 F 180 0 0 0 1371.0773
F005 77 R 180 1 1 0 1347.2131
F005 78 R 180 0 0 0 1052.5346
F005 79 G 0 0 0 0 681.2573
F005 80 L 60 0 0 0 556.3749
F005 81 R 120 0 0 0 646.8529
F005 82 L 30 0 0 0 582.2676
F005 83 R 60 0 0 0 616.6828
F005 84 G 180 1 1 0 1655.1956
F005 85 F 0 0 0 0 644.4501
F005 86 F 30 1 1 0 660.2652
F005 87 L 60 1 1 0 908.3733
F005 88 G 150 0 0 0 1029.2652
F005 89 R 0 0 0 0 487.2474
F005 90 G 60 0 0 0 563.9379
F005 91 G 90 0 0 0 528.8007
F005 92 G 120 1 1 0 574.3808
F005 93 F 0 1 1 0 525.4129
F005 94 L 180 1 1 0 988.258
F005 95 G 150 1 1 0 727.0055
F005 96 R 0 0 0 0 480.5999
F005 97 F 120 0 0 0 834.044
F005 98 L 90 1 1 0 549.1547
F005 99 R 30 1 1 0 552.1246
F005 100 F 150 0 0 0 805.8345
F005 101 L 60 1 1 0 544.7631
F005 102 R 30 1 1 0 498.5935
F005 103 L 120 1 1 0 630.7997
F005 104 R 180 1 1 0 1282.853
F005 105 R 60 0 0 0 555.4614
F005 106 F 180 1 9997 1 2000.0372
F005 107 G 30 0 1 1 1106.3638
F005 108 R 150 1 1 0 1018.8091
F005 109 F 0 0 0 0 551.8358
F005 110 L 150 0 0 0 866.026
F005 111 R 90 0 0 0 886.8658
F005 112 F 120 1 1 0 1226.6704
F005 113 F 30 0 0 0 499.994
F005 114 L 60 0 0 0 554.585
F005 115 L 150 1 1 0 646.6288
F005 116 L 120 0 0 0 533.8458
F005 117 R 0 1 1 0 583.8446
F005 118 F 90 1 1 0 1218.0668
F005 119 G 120 0 0 0 565.1249
F005 120 G 120 0 0 0 694.6743
F005 121 G 150 0 0 0 645.042
F005 122 G 30 1 1 0 664.5498
F005 123 G 0 1 1 0 622.102
F005 124 F 180 0 0 0 1469.7809
F005 125 R 30 0 0 0 676.0876
F005 126 R 90 1 1 0 599.8234
F005 127 L 30 1 1 0 516.7104
F005 128 R 90 1 1 0 587.537
F005 129 R 60 0 0 0 506.5258
F005 130 F 120 0 0 0 456.4616
F005 131 G 0 1 1 0 483.467
F005 132 G 30 1 1 0 422.2623
F005 133 R 30 0 0 0 435.8004
F005 134 R 180 1 1 0 1183.9963
F005 135 R 120 1 1 0 428.8118
F005 136 R 150 0 0 0 519.685
F005 137 F 90 1 1 0 656.5536
F005 138 G 150 0 0 0 974.6093
F005 139 R 0 0 0 0 476.7254
F005 140 R 0 1 1 0 454.9271
F005 141 F 180 0 0 0 862.0188
F005 142 R 60 0 0 0 652.3547
F005 143 F 30 0 0 0 432.2977
F005 144 L 60 1 1 0 549.105
F005 145 L 0 1 1 0 492.7841
F005 146 L 30 1 1 0 461.6333
F005 147 F 60 1 1 0 588.5404
F005 148 L 30 1 1 0 513.4521
F005 149 F 0 1 1 0 515.0805
F005 150 L 0 0 0 0 500.1605
F005 151 R 30 1 1 0 518.9953
F005 152 F 0 0 0 0 401.8424
F005 153 L 120 1 1 0 688.7345
F005 154 G 60 1 1 0 648.6794
F005 155 L 120 0 0 0 550.2451
F005 156 F 90 1 1 0 520.967
F005 157 F 120 1 1 0 437.1243
F005 158 F 90 0 0 0 506.0788
F005 159 R 0 1 1 0 543.1146
F005 160 R 90 0 0 0 469.6086
F005 161 F 120 1 1 0 545.7266
F005 162 F 60 0 0 0 544.1122
F005 163 G 120 0 0 0 1024.2092
F005 164 R 90 0 0 0 484.5524
F005 165 L 60 0 0 0 431.2844
F005 166 G 150 1 1 0 582.7956
F005 167 F 60 0 0 0 453.3121
F005 168 F 0 1 1 0 416.2208
F005 169 G 30 1 1 0 432.9774
F005 170 F 0 0 0 0 380.3352
F005 171 L 60 1 1 0 422.7981
F005 172 G 60 0 0 0 379.9086
F005 173 G 180 0 0 0 1021.4077
F005 174 L 150 0 0 0 543.3319
F005 175 G 90 0 0 0 517.1462
F005 176 R 120 1 1 0 594.7552
F005 177 L 150 1 1 0 727.9855
F005 178 R 180 0 0 0 895.401
F005 179 R 120 0 0 0 453.8923
F005 180 F 180 0 0 0 1376.276
F005 181 R 120 0 0 0 679.8719
F005 182 L 180 1 1 0 667.8324
F005 183 G 180 0 0 0 1044.1743
F005 184 R 30 1 1 0 674.6681
F005 185 L 120 0 0 0 522.134
F005 186 L 60 0 0 0 466.6574
F005 187 L 0 0 0 0 406.0164
F005 188 G 60 1 1 0 533.4156
F005 189 F 150 0 0 0 571.9132
F005 190 F 180 1 1 0 1419.1279
F005 191 G 120 0 0 0 1212.5494
F005 192 G 120 1 1 0 586.1608
F005 193 G 90 1 1 0 486.5482
F005 194 R 0 0 0 0 451.3928
F005 195 R 180 0 0 0 1283.0804
F005 196 G 0 0 0 0 539.2389
F005 197 G 30 0 0 0 479.1154
F005 198 G 60 0 0 0 719.7985
F005 199 F 150 1 1 0 630.0661
F005 200 L 180 1 1 0 1201.0222
F005 201 L 30 0 0 0 487.9673
F005 202 G 30 0 0 0 550.2708
F005 203 F 120 0 0 0 1167.8135
F005 204 G 0 0 0 0 461.2122
F005 205 R 180 1 1 0 762.0077
F005 206 L 90 0 0 0 709.8025
F005 207 R 150 1 1 0 601.2979
F005 208 R 90 1 1 0 516.4564
F005 209 F 150 1 1 0 671.8276
F005 210 L 180 0 0 0 840.8292
F005 211 L 150 0 0 0 504.9586
F005 212 L 180 0 0 0 419.6223
F005 213 G 150 1 1 0 804.0916
F005 214 R 150 0 0 0 603.2892
F005 215 L 150 1 1 0 532.3121
F005 216 F 60 1 1 0 572.9371
F005 217 L 90 0 0 0 466.2193
F005 218 G 180 1 1 0 811.6705
F005 219 G 150 0 1 1 583.0104
F005 220 L 120 1 1 0 495.2286
F005 221 R 60 1 1 0 520.0496
F005 222 F 180 1 1 0 1222.7183
F005 223 L 30 0 0 0 536.2517
F005 224 L 90 1 1 0 1026.3556
F005 225 F 30 1 1 0 503.8763
F005 226 R 150 1 1 0 555.4443
F005 227 F 90 0 0 0 479.0855
F005 228 F 30 1 1 0 485.4142
F005 229 L 0 1 1 0 607.6197
F005 230 G 90 0 0 0 525.8786
F005 231 F 150 0 0 0 533.5399
F005 232 F 30 0 0 0 485.1871
F005 233 G 90 1 1 0 446.3274
F005 234 G 120 1 1 0 514.5986
F005 235 R 60 1 1 0 500.1518
F005 236 R 30 0 0 0 397.5718
F005 237 L 90 1 1 0 380.7733
F005 238 G 0 1 1 0 461.1027
F005 239 G 180 1 1 0 1473.9315
