K008 15 L 180 0 1 1 862.1775
K008 16 R 150 1 0 1 590.936
K008 17 G 30 1 1 0 688.9082
K008 18 R 150 0 9997 1 2000.0844
K008 19 R 120 0 1 1 1835.7668
K008 20 R 60 1 0 1 574.1833
K008 21 G 30 0 0 0 809.499
K008 22 L 180 0 1 1 1217.7173
K008 23 G 0 1 1 0 632.6114
K008 24 G 150 1 1 0 861.6975
K008 25 F 30 0 0 0 531.0055
K008 26 F 150 1 1 0 708.1149
K008 27 L 120 0 1 1 714.5704
K008 28 L 0 0 0 0 1304.7136
K008 29 L 90 1 1 0 846.1274
K008 30 F 150 1 1 0 1054.2192
K008 31 L 0 1 1 0 659.5011
K008 32 F 180 0 0 0 859.6188
K008 33 R 120 0 0 0 490.7219
K008 34 F 90 1 1 0 602.3897
K008 35 R 30 1 1 0 876.4036
K008 36 L 0 0 0 0 418.9764
K008 37 G 0 1 1 0 415.2662
K008 38 F 150 0 0 0 484.7627
K008 39 R 90 0 0 0 457.0517
K008 40 L 120 1 1 0 542.2544
K008 41 F 90 0 0 0 472.5346
K008 42 F 30 1 0 1 546.4214
K008 43 L 150 0 0 0 776.7884
K008 44 R 60 0 0 0 384.2622
K008 45 L 150 0 0 0 666.0777
K008 46 L 90 1 1 0 500.9779
K008 47 R 60 1 1 0 462.8764
K008 48 F 180 1 1 0 1017.1472
K008 49 F 30 1 1 0 877.0291
K008 50 L 180 1 1 0 874.7866
K008 51 G 180 0 1 1 503.6059
K008 52 F 60 1 1 0 681.243
K008 53 L 90 0 0 0 546.9502
K008 54 F 180 0 0 0 604.367
K008 55 F 60 1 1 0 532.0173
K008 56 L 30 0 0 0 425.8483
K008 57 F 120 1 1 0 554.7669
K008 58 R 90 1 1 0 790.106
K008 59 F 120 0 0 0 557.4105
K008 60 G 90 0 0 0 498.2133
K008 61 R 120 1 1 0 581.2512
K008 62 G 120 1 1 0 610.8
K008 63 G 90 0 0 0 474.5078
K008 64 G 60 0 0 0 367.7001
K008 65 L 120 1 1 0 554.973
K008 66 F 120 0 0 0 411.8121
K008 67 G 150 0 0 0 490.8314
K008 68 G 30 1 1 0 536.1966
K008 69 R 0 0 0 0 464.066
K008 70 L 150 1 1 0 659.4863
K008 71 F 30 0 0 0 358.4442
K008 72 F 120 1 1 0 493.1604
K008 73 F 0 0 0 0 319.8806
K008 74 R 120 1 1 0 513.7776
K008 75 G 150 0 0 0 453.9879
K008 76 R 0 1 1 0 463.1393
K008 77 F 90 1 1 0 685.6067
K008 78 G 60 0 0 0 357.0401
K008 79 F 150 0 0 0 530.7806
K008 80 G 30 0 0 0 516.9841
K008 81 G 120 0 0 0 455.6872
K008 82 F 0 1 1 0 514.3274
K008 83 L 30 1 1 0 881.7702
K008 84 F 90 0 0 0 474.9869
K008 85 L 120 0 0 0 472.5989
K008 86 R 180 0 1 1 471.9538
K008 87 R 150 1 1 0 630.805
K008 88 L 30 0 0 0 428.4952
K008 89 G 60 1 1 0 527.5416
K008 90 R 0 1 1 0 1407.214
K008 91 G 120 0 0 0 526.9184
K008 92 R 30 0 0 0 459.5484
K008 93 G 90 1 1 0 554.9932
K008 94 F 0 0 0 0 462.2339
K008 95 G 60 1 1 0 530.3663
K008 96 R 180 0 0 0 483.2279
K008 97 R 150 0 0 0 383.6784
K008 98 R 180 1 0 1 402.1098
K008 99 L 90 0 0 0 484.1333
K008 100 L 150 1 1 0 592.6449
K008 101 G 0 0 0 0 434.132
K008 102 L 180 1 1 0 743.0841
K008 103 G 180 1 1 0 1087.6257
K008 104 F 60 0 0 0 578.0802
K008 105 G 180 1 1 0 824.8216
K008 106 R 30 1 1 0 662.406
K008 107 L 60 0 0 0 455.1296
K008 108 L 60 1 1 0 555.1465
K008 109 G 0 0 0 0 465.2063
K008 110 G 120 1 1 0 558.6959
K008 111 G 90 1 1 0 524.5876
K008 112 F 180 1 1 0 1344.2141
K008 113 G 180 0 0 0 1056.6382
K008 114 L 60 0 0 0 563.0193
K008 115 R 30 0 0 0 498.9101
K008 116 F 0 1 1 0 549.8428
K008 117 R 90 1 1 0 878.4189
K008 118 L 0 1 1 0 1302.1133
K008 119 G 150 1 1 0 651.3445
K008 120 R 180 1 1 0 929.864
K008 121 R 60 0 0 0 587.6074
K008 122 L 30 1 1 0 1392.9167
K008 123 F 60 0 0 0 391.5794
K008 124 R 90 0 0 0 447.7888
K008 125 R 0 0 0 0 307.1698
K008 126 L 60 1 1 0 496.736
K008 127 L 180 1 1 0 917.8432
K008 128 L 30 1 1 0 584.1251
K008 129 F 180 1 1 0 1216.0671
K008 130 F 60 0 0 0 386.4212
K008 131 R 60 1 1 0 392.1842
K008 132 F 0 1 1 0 442.851
K008 133 L 150 0 1 1 351.3055
K008 134 L 60 1 1 0 614.8603
K008 135 R 90 0 0 0 393.3321
K008 136 F 90 0 0 0 404.8992
K008 137 R 180 0 0 0 623.9472
K008 138 F 30 0 0 0 391.3961
K008 139 L 60 0 0 0 426.6528
K008 140 R 0 1 1 0 378.7263
K008 141 L 0 0 0 0 488.4629
K008 142 R 0 1 1 0 431.5339
K008 143 F 30 0 0 0 331.8383
K008 144 G 0 1 1 0 518.6749
K008 145 G 30 0 0 0 337.2074
K008 146 F 150 0 1 1 442.5641
K008 147 F 60 1 1 0 650.0441
K008 148 F 30 1 1 0 423.8016
K008 149 L 180 0 1 1 377.7061
K008 150 G 60 1 1 0 736.633
K008 151 R 60 0 0 0 462.7152
K008 152 F 120 1 1 0 583.4339
K008 153 R 180 1 1 0 1121.4442
K008 154 G 120 1 1 0 657.9247
K008 155 F 90 1 1 0 528.2993
K008 156 F 60 0 0 0 397.5156
K008 157 G 180 0 1 1 585.5727
K008 158 R 60 0 0 0 493.575
K008 159 R 120 1 1 0 575.362
K008 160 R 30 0 0 0 384.9445
K008 161 L 90 0 0 0 572.368
K008 162 L 180 0 0 0 882.6574
K008 163 F 150 1 1 0 961.1236
K008 164 L 30 0 0 0 413.2374
K008 165 L 0 0 0 0 359.2532
K008 166 R 150 0 0 0 503.2855
K008 167 R 150 0 0 0 363.5068
K008 168 G 0 0 0 0 392.0515
K008 169 L 180 1 1 0 647.4591
K008 170 F 180 0 0 0 725.5858
K008 171 L 120 0 0 0 404.5997
K008 172 G 60 0 0 0 435.6003
K008 173 F 120 0 0 0 400.071
K008 174 L 0 1 1 0 546.7402
K008 175 L 0 1 1 0 456.7329
K008 176 G 150 0 0 0 491.3099
K008 177 G 30 1 0 1 349.474
K008 178 L 30 1 0 1 661.526
K008 179 L 150 1 1 0 1000.8406
K008 180 G 150 1 1 0 621.3879
K008 181 G 150 1 1 0 620.4579
K008 182 F 0 0 0 0 575.5025
K008 183 R 120 1 1 0 606.9308
K008 184 L 90 1 1 0 636.2884
K008 185 R 120 0 0 0 511.7469
K008 186 R 60 1 1 0 477.3244
K008 187 R 0 0 0 0 445.0828
K008 188 R 150 1 1 0 668.4995
K008 189 G 180 0 1 1 545.8372
K008 190 G 120 1 1 0 611.659
K008 191 L 120 1 1 0 652.9039
K008 192 L 30 0 0 0 362.9215
K008 193 G 30 0 0 0 412.5569
K008 194 G 90 1 1 0 442.0288
K008 195 G 30 1 1 0 440.3847
K008 196 R 30 1 1 0 474.7612
K008 197 L 150 0 0 0 492.1215
K008 198 F 60 1 1 0 531.4494
K008 199 G 90 0 0 0 421.4125
K008 200 G 0 1 1 0 435.3414
K008 201 F 150 0 0 0 496.101
K008 202 L 150 1 1 0 633.7987
K008 203 R 150 1 0 1 418.9904
K008 204 F 120 1 1 0 540.683
K008 205 R 0 0 0 0 493.9477
K008 206 G 60 1 1 0 440.0056
K008 207 G 120 0 0 0 519.6049
K008 208 F 150 1 1 0 635.3654
K008 209 G 0 0 0 0 363.3976
K008 210 F 120 0 0 0 406.3508
K008 211 F 180 0 0 0 552.6795
K008 212 F 180 1 1 0 947.4112
K008 213 R 180 0 1 1 676.0342
K008 214 R 30 1 1 0 630.9291
K008 215 F 90 1 1 0 620.3207
K008 216 G 120 0 0 0 391.8154
K008 217 F 0 1 1 0 521.5629
K008 218 F 0 0 0 0 466.2757
K008 219 L 90 0 0 0 451.8513
K008 220 F 30 1 1 0 435.2967
K008 221 L 90 1 1 0 523.2553
K008 222 R 30 0 0 0 316.0544
K008 223 G 90 0 0 0 380.1668
K008 224 R 90 0 0 0 343.8557
K008 225 G 90 1 1 0 460.2563
K008 226 L 60 0 0 0 353.0393
K008 227 G 180 1 1 0 1039.3863
K008 228 G 180 1 1 0 606.2472
K008 229 G 150 0 0 0 584.8084
K008 230 L 120 1 1 0 798.9672
K008 231 R 90 1 1 0 542.4729
K008 232 G 60 0 0 0 416.4524
K008 233 L 60 1 1 0 464.9027
K008 234 L 120 0 0 0 388.0331
K008 235 R 180 1 1 0 732.868
K008 236 R 120 0 0 0 388.3566
K008 237 R 90 1 1 0 549.0187
K008 238 F 90 0 0 0 473.8655
