C001 25 R 30 0 1 1 1194.9033
C001 26 L 30 0 1 1 1710.1076
C001 27 G 90 0 9997 1 2000.0308
C001 28 L 120 1 0 1 1337.6997
C001 29 G 60 0 1 1 1376.5703
C001 30 L 0 0 0 0 1354.2245
C001 31 G 120 0 0 0 1180.0872
C001 32 R 120 0 0 0 1789.4006
C001 33 L 120 0 1 1 1643.0303
C001 34 F 150 0 0 0 1835.6503
C001 35 L 30 1 1 0 1553.1144
C001 36 R 60 0 0 0 1017.1378
C001 37 F 150 0 1 1 928.179
C001 38 R 180 1 1 0 1083.8922
C001 39 R 90 0 0 0 1658.661
C001 40 L 30 0 0 0 930.0355
C001 41 F 60 0 0 0 1065.1978
C001 42 F 30 0 0 0 593.4002
C001 43 G 90 1 1 0 646.5565
C001 44 F 90 1 1 0 747.7853
C001 45 G 180 0 1 1 735.3074
C001 46 F 120 1 1 0 1121.9202
C001 47 G 120 0 0 0 1153.4535
C001 48 R 150 0 0 0 1462.4239
C001 49 F 120 1 1 0 939.467
C001 50 F 0 1 1 0 600.5286
C001 51 R 90 1 1 0 797.4154
C001 52 F 150 1 1 0 920.785
C001 53 G 30 1 1 0 880.5425
C001 54 L 180 0 0 0 1062.7735
C001 55 L 120 0 0 0 735.1472
C001 56 F 180 1 1 0 780.4609
C001 57 F 180 0 9997 1 2000.0332
C001 58 G 150 0 0 0 1500.1689
C001 59 L 150 0 0 0 867.1826
C001 60 F 30 1 1 0 1049.1066
C001 61 F 0 0 0 0 819.3887
C001 62 L 180 1 1 0 1709.4604
C001 63 F 0 1 1 0 1664.5253
C001 64 F 30 0 0 0 702.1799
C001 65 L 0 1 0 1 1505.2186
C001 66 L 60 0 0 0 914.3889
C001 67 G 30 0 0 0 947.9023
C001 68 R 180 0 0 0 1347.2717
C001 69 F 30 1 1 0 1029.749
C001 70 R 0 0 0 0 698.7158
C001 71 R 150 1 0 1 1654.7373
C001 72 L 30 1 0 1 1030.4665
C001 73 G 60 0 1 1 1202.7631
C001 74 G 0 1 1 0 765.8908
C001 75 R 0 0 0 0 739.9144
C001 76 G 150 1 1 0 869.886
C001 77 G 120 1 1 0 866.839
C001 78 L 90 1 0 1 1557.3312
C001 79 R 180 1 0 1 1952.465
C001 80 L 60 0 0 0 778.0189
C001 81 G 90 0 0 0 940.1974
C001 82 F 180 0 1 1 1446.8379
C001 83 G 150 1 1 0 1126.4415
C001 84 L 150 0 0 0 973.4322
C001 85 L 90 0 0 0 1528.6981
C001 86 L 0 1 1 0 787.0658
C001 87 G 60 1 1 0 1440.8802
C001 88 F 120 0 0 0 814.0297
C001 89 L 120 1 0 1 1443.3074
C001 90 G 180 1 1 0 1346.2693
C001 91 R 30 1 1 0 1349.733
C001 92 G 90 1 1 0 911.5066
C001 93 R 0 1 1 0 900.7706
C001 94 F 90 1 1 0 878.561
C001 95 F 90 0 0 0 874.2764
C001 96 F 90 0 0 0 695.5076
C001 97 L 90 1 1 0 1915.4018
C001 98 L 60 1 1 0 1420.9616
C001 99 R 120 1 1 0 1270.1994
C001 100 L 150 1 1 0 1395.4192
C001 101 R 150 0 0 0 1004.5401
C001 102 F 0 0 0 0 830.3754
C001 103 R 120 0 0 0 923.933
C001 104 G 180 0 1 1 1011.5035
C001 105 L 150 1 0 1 1419.5348
C001 106 L 180 0 0 0 1764.8822
C001 107 L 0 0 0 0 830.8056
C001 108 L 180 1 1 0 1381.2114
C001 109 G 150 0 0 0 1099.5956
C001 110 R 30 0 1 1 731.3423
C001 111 L 60 1 1 0 1577.2363
C001 112 G 180 1 1 0 843.0771
C001 113 G 30 0 0 0 696.1433
C001 114 G 0 0 0 0 576.4486
C001 115 F 60 1 1 0 939.0319
C001 116 F 60 0 0 0 765.3057
C001 117 F 60 1 0 1 645.9983
C001 118 L 90 0 0 0 965.6349
C001 119 R 90 1 1 0 701.9124
C001 120 F 120 0 0 0 1088.3736
C001 121 G 60 1 1 0 1505.9303
C001 122 G 30 1 1 0 597.1377
C001 123 R 90 0 0 0 992.5463
C001 124 R 120 1 1 0 1060.1139
C001 125 F 180 1 1 0 1772.9124
C001 126 G 0 1 1 0 774.1991
C001 127 R 60 1 1 0 783.7865
C001 128 R 0 1 1 0 936.0509
C001 129 G 120 1 1 0 1197.2529
C001 130 R 60 0 0 0 627.2028
C001 131 R 30 1 1 0 807.7977
C001 132 G 0 0 0 0 763.7196
C001 133 R 60 1 1 0 601.0681
C001 134 R 150 1 1 0 776.3736
C001 135 F 150 1 1 0 948.2064
C001 136 R 180 0 1 1 733.3465
C001 137 R 0 1 1 0 1031.759
C001 138 G 150 1 1 0 1240.2921
C001 139 F 180 0 1 1 1150.4171
C001 140 F 0 1 1 0 1500.626
C001 141 G 150 0 0 0 765.1589
C001 142 L 120 0 0 0 1234.9186
C001 143 G 0 1 1 0 755.1418
C001 144 R 120 1 1 0 1637.9546
C001 145 L 0 1 1 0 1373.147
C001 146 R 0 0 0 0 798.9143
C001 147 F 180 0 1 1 718.018
C001 148 F 90 0 0 0 1073.8511
C001 149 G 120 0 0 0 1295.0051
C001 150 L 150 0 0 0 889.5611
C001 151 F 180 1 1 0 880.8221
C001 152 L 180 1 1 0 1667.5521
C001 153 L 90 0 0 0 1486.6377
C001 154 F 150 1 0 1 1227.8676
C001 155 G 60 1 1 0 1109.2609
C001 156 R 60 1 1 0 1612.0292
C001 157 L 30 1 1 0 1715.3498
C001 158 R 150 1 1 0 631.2015
C001 159 L 60 1 1 0 1257.8664
C001 160 F 0 1 1 0 1115.72
C001 161 L 90 1 1 0 1058.1713
C001 162 L 180 0 1 1 1275.8761
C001 163 F 120 1 1 0 1200.4293
C001 164 F 60 1 1 0 1145.9935
C001 165 R 120 0 0 0 723.4608
C001 166 R 30 0 0 0 1302.2312
C001 167 L 150 1 1 0 1315.6426
C001 168 F 120 0 0 0 796.977
C001 169 G 60 1 1 0 836.6815
C001 170 F 150 0 0 0 1543.6662
C001 171 L 60 1 1 0 1075.606
C001 172 R 90 0 0 0 1717.5508
C001 173 R 120 0 0 0 579.8574
C001 174 R 0 1 1 0 631.8714
C001 175 F 60 1 1 0 973.7512
C001 176 R 180 1 1 0 1863.8142
C001 177 G 30 0 0 0 822.5396
C001 178 L 0 1 9997 1 2000.0318
C001 179 L 90 1 1 0 1032.3715
C001 180 R 180 0 0 0 1148.8999
C001 181 L 90 0 0 0 965.1845
C001 182 L 120 0 0 0 964.7812
C001 183 F 30 0 0 0 756.3742
C001 184 R 90 0 0 0 736.5012
C001 185 F 150 1 1 0 944.3044
C001 186 F 120 1 1 0 647.0411
C001 187 L 0 0 0 0 627.4631
C001 188 F 90 1 1 0 797.2662
C001 189 R 150 1 1 0 730.826
C001 190 G 30 0 0 0 677.8155
C001 191 G 180 0 1 1 667.0468
C001 192 L 30 0 0 0 459.8908
C001 193 F 0 0 0 0 509.3424
C001 194 G 150 1 1 0 1165.7649
C001 195 G 0 1 1 0 576.554
C001 196 F 90 1 0 1 1225.2985
C001 197 L 180 0 0 0 1095.8423
C001 198 R 180 0 0 0 1224.7066
C001 199 L 30 0 0 0 721.716
C001 200 F 60 0 0 0 744.8943
C001 201 G 30 1 1 0 883.3676
C001 202 L 180 1 1 0 1069.119
C001 203 L 120 1 1 0 615.158
C001 204 G 90 0 0 0 651.5345
C001 205 R 90 1 1 0 720.1261
C001 206 G 30 1 1 0 1350.0799
C001 207 R 180 1 1 0 1231.2461
C001 208 G 180 1 1 0 882.1464
C001 209 F 180 1 1 0 1969.5966
C001 210 R 30 1 1 0 1557.4736
C001 211 F 0 0 0 0 761.2723
C001 212 G 0 0 0 0 638.4079
C001 213 G 120 0 0 0 881.5059
C001 214 G 60 0 0 0 566.6635
C001 215 F 30 1 9997 1 2000.0332
C001 216 R 120 1 9997 1 2000.0322
C001 217 L 0 0 0 0 921.3735
C001 218 G 90 0 1 1 934.6993
C001 219 L 60 0 0 0 834.0243
C001 220 G 120 1 1 0 866.1644
C001 221 L 150 1 1 0 1095.8995
C001 222 G 90 1 1 0 874.0512
C001 223 G 180 0 1 1 741.5403
C001 224 F 90 0 0 0 813.7308
C001 225 R 0 0 0 0 650.2252
C001 226 F 150 0 0 0 662.781
C001 227 R 30 0 0 0 577.502
C001 228 R 150 0 0 0 705.0406
C001 229 F 60 0 0 0 574.7923
C001 230 R 90 1 9997 1 2000.0318
C001 231 L 150 0 0 0 765.3591
C001 232 G 180 1 1 0 783.2504
C001 233 R 150 0 0 0 1064.3244
C001 234 G 60 0 0 0 1025.7767
C001 235 F 30 1 1 0 698.4223
C001 236 L 30 1 1 0 865.1394
C001 237 R 60 0 0 0 652.3554
C001 238 G 0 0 0 0 600.0037
C001 239 L 60 0 0 0 708.0443
C001 240 R 30 1 1 0 569.7239
C001 241 G 150 0 1 1 568.2938
C001 242 G 90 1 1 0 817.4481
C001 243 R 60 0 0 0 587.5339
C001 244 F 30 0 0 0 469.8867
C001 245 G 120 1 1 0 790.671
C001 246 L 120 1 1 0 934.5366
C001 247 R 60 1 1 0 839.6577
C001 248 F 120 0 0 0 608.5588
