h003 17 R 30 1 0 1 800.9526
h003 18 R 0 0 1 1 1213.2226
h003 19 G 150 1 0 1 1639.8174
h003 20 L 180 0 0 0 1393.6372
h003 21 G 60 0 0 0 677.1383
h003 22 L 90 1 1 0 834.2907
h003 23 G 90 1 1 0 802.2092
h003 24 R 90 1 1 0 942.1667
h003 25 F 120 0 0 0 654.3443
h003 26 L 60 0 0 0 634.8718
h003 27 G 120 1 1 0 643.5787
h003 28 R 30 0 0 0 596.6202
h003 29 F 90 1 1 0 722.4348
h003 30 G 30 1 1 0 727.1662
h003 31 F 180 1 0 1 986.9995
h003 32 F 120 1 1 0 688.5735
h003 33 R 120 1 1 0 623.7723
h003 34 R 90 1 1 0 550.3719
h003 35 L 150 0 0 0 604.0145
h003 36 G 60 1 1 0 616.8281
h003 37 R 120 1 1 0 707.3952
h003 38 R 90 0 0 0 834.7363
h003 39 F 30 0 0 0 587.7051
h003 40 L 150 0 0 0 745.7375
h003 41 G 120 0 0 0 589.8733
h003 42 R 120 0 0 0 576.7077
h003 43 L 150 1 1 0 603.4728
h003 44 G 120 1 1 0 526.0504
h003 45 G 180 0 0 0 1021.3209
h003 46 G 150 1 1 0 818.0732
h003 47 L 0 0 0 0 611.5671
h003 48 L 90 0 0 0 910.3593
h003 49 R 180 1 1 0 1060.3856
h003 50 G 30 1 1 0 994.2677
h003 51 F 30 1 1 0 703.1723
h003 52 L 120 1 1 0 714.4469
h003 53 L 150 1 1 0 560.7579
h003 54 G 90 0 0 0 557.4999
h003 55 R 150 1 1 0 569.6112
h003 56 F 150 0 0 0 550.9854
h003 57 R 180 0 0 0 586.0021
h003 58 F 0 1 1 0 832.6597
h003 59 G 180 1 1 0 896.2027
h003 60 L 60 1 1 0 617.7855
h003 61 F 180 0 0 0 526.9547
h003 62 L 90 0 0 0 647.3404
h003 63 G 0 1 1 0 1107.4324
h003 64 F 150 1 1 0 847.6784
h003 65 L 180 1 1 0 843.3429
h003 66 R 60 1 1 0 634.2717
h003 67 G 0 0 0 0 533.7421
h003 68 R 0 0 0 0 400.3548
h003 69 F 60 1 1 0 466.0481
h003 70 L 0 1 1 0 718.1575
h003 71 G 180 0 1 1 973.6156
h003 72 F 90 0 0 0 1085.9045
h003 73 G 150 0 0 0 520.6014
h003 74 G 90 0 0 0 498.5321
h003 75 R 60 1 1 0 628.6774
h003 76 R 0 1 1 0 391.4646
h003 77 F 30 1 1 0 466.0411
h003 78 L 90 1 1 0 622.7194
h003 79 L 30 1 1 0 575.0636
h003 80 R 120 0 0 0 592.6658
h003 81 R 180 0 0 0 831.3788
h003 82 F 90 1 1 0 570.6133
h003 83 R 30 0 0 0 523.6956
h003 84 G 90 1 1 0 575.2776
h003 85 R 150 1 1 0 1169.4701
h003 86 F 90 0 0 0 507.0918
h003 87 R 60 0 0 0 417.8989
h003 88 R 180 1 1 0 675.104
h003 89 F 180 0 0 0 515.1264
h003 90 L 180 0 0 0 718.0695
h003 91 L 180 1 1 0 728.5289
h003 92 R 30 1 1 0 788.7447
h003 93 F 0 0 0 0 529.2622
h003 94 L 120 0 0 0 932.7565
h003 95 F 0 0 0 0 510.9283
h003 96 L 0 1 1 0 620.0984
h003 97 G 150 0 0 0 534.7576
h003 98 L 120 0 0 0 622.7632
h003 99 F 150 1 1 0 796.9739
h003 100 F 60 0 0 0 557.1116
h003 101 G 120 0 0 0 711.567
h003 102 G 0 1 1 0 688.4364
h003 103 L 30 1 1 0 615.5173
h003 104 R 150 0 0 0 583.6502
h003 105 L 60 1 1 0 847.5113
h003 106 G 30 0 0 0 531.115
h003 107 L 30 0 0 0 506.0378
h003 108 R 60 0 0 0 499.4869
h003 109 F 60 1 1 0 467.5334
h003 110 F 30 0 0 0 668.4419
h003 111 F 120 0 0 0 1284.9829
h003 112 G 180 1 1 0 902.0124
h003 113 L 0 0 0 0 540.5693
h003 114 F 0 1 1 0 550.7775
h003 115 F 150 0 0 0 667.0999
h003 116 L 30 0 0 0 569.7875
h003 117 F 60 0 0 0 468.6325
h003 118 L 60 0 0 0 463.8198
h003 119 R 0 1 1 0 514.4101
h003 120 F 120 1 1 0 570.644
h003 121 F 180 1 1 0 793.222
h003 122 G 60 0 0 0 579.993
h003 123 G 60 1 1 0 600.8965
h003 124 R 150 0 0 0 590.7128
h003 125 L 120 1 1 0 769.4696
h003 126 G 30 0 0 0 426.9721
h003 127 R 90 0 0 0 474.0717
h003 128 G 0 0 0 0 436.3256
h003 129 R 180 1 1 0 804.3869
h003 130 F 0 0 0 0 697.0389
h003 131 R 90 0 0 0 490.3302
h003 132 F 150 1 1 0 624.8537
h003 133 F 150 0 0 0 655.9728
h003 134 L 180 1 1 0 668.5825
h003 135 L 90 0 0 0 660.7384
h003 136 R 150 0 0 0 523.0595
h003 137 G 90 1 1 0 593.6606
h003 138 R 0 0 0 0 518.6168
h003 139 L 0 1 1 0 681.7998
h003 140 R 30 1 0 1 504.0814
h003 141 L 150 0 0 0 609.2741
h003 142 L 180 1 1 0 612.479
h003 143 R 30 0 0 0 480.8709
h003 144 G 120 0 0 0 500.4605
h003 145 F 30 0 0 0 506.6138
h003 146 R 0 1 1 0 517.3409
h003 147 L 120 0 0 0 645.7086
h003 148 L 0 1 1 0 652.9461
h003 149 G 0 1 1 0 576.5138
h003 150 F 120 0 0 0 530.808
h003 151 L 150 1 1 0 519.6412
h003 152 F 120 0 0 0 426.9439
h003 153 L 90 1 1 0 548.3208
h003 154 G 120 1 1 0 1087.2874
h003 155 R 60 0 0 0 435.6612
h003 156 R 60 1 1 0 432.47
h003 157 G 180 1 1 0 772.9055
h003 158 F 30 0 0 0 455.6439
h003 159 F 120 1 1 0 491.2063
h003 160 G 30 0 0 0 407.2308
h003 161 G 180 1 1 0 617.5821
h003 162 R 120 1 1 0 551.8277
h003 163 L 150 1 1 0 510.3791
h003 164 L 180 0 0 0 789.6048
h003 165 L 120 0 0 0 489.9187
h003 166 F 150 1 1 0 563.1093
h003 167 R 90 0 0 0 528.299
h003 168 R 180 0 0 0 387.9267
h003 169 L 90 0 0 0 515.9717
h003 170 F 30 1 1 0 457.1372
h003 171 F 180 0 0 0 804.7425
h003 172 G 30 0 0 0 488.6129
h003 173 F 90 0 0 0 438.3943
h003 174 F 90 1 1 0 551.0921
h003 175 R 90 1 1 0 553.1164
h003 176 G 60 1 1 0 448.0838
h003 177 R 0 0 0 0 455.992
h003 178 L 30 1 1 0 551.1086
h003 179 L 30 1 1 0 354.7037
h003 180 L 150 0 1 1 428.6184
h003 181 G 60 0 0 0 465.9997
h003 182 G 150 0 0 0 510.8049
h003 183 F 60 1 1 0 516.6263
h003 184 F 60 0 0 0 551.067
h003 185 R 180 1 1 0 690.7397
h003 186 L 180 0 0 0 757.3876
h003 187 L 0 0 0 0 467.1415
h003 188 F 60 1 1 0 562.5148
h003 189 R 90 1 1 0 592.092
h003 190 L 0 0 0 0 411.8895
h003 191 G 30 1 1 0 781.3222
h003 192 F 90 0 0 0 499.1498
h003 193 G 150 1 1 0 660.9759
h003 194 G 0 0 0 0 615.0955
h003 195 L 120 1 1 0 700.6167
h003 196 R 60 0 0 0 522.8868
h003 197 G 90 0 0 0 554.6264
h003 198 F 180 1 1 0 545.7043
h003 199 L 90 1 1 0 1102.6887
h003 200 F 0 1 0 1 510.1598
h003 201 F 30 1 1 0 591.7981
h003 202 G 90 0 0 0 507.7386
h003 203 F 150 0 0 0 521.4529
h003 204 F 0 0 0 0 388.8483
h003 205 L 120 1 1 0 530.1551
h003 206 F 90 1 1 0 626.2008
h003 207 R 30 0 0 0 437.3522
h003 208 G 30 1 1 0 605.8921
h003 209 L 30 0 0 0 417.916
h003 210 G 180 0 0 0 965.1045
h003 211 L 60 0 0 0 611.8328
h003 212 F 60 0 0 0 425.4731
h003 213 L 60 1 1 0 531.8634
h003 214 R 120 1 1 0 461.1407
h003 215 R 30 1 1 0 366.9179
h003 216 L 30 0 0 0 407.5289
h003 217 G 60 1 1 0 499.3721
h003 218 R 120 0 0 0 546.47
h003 219 R 120 0 0 0 461.9207
h003 220 G 0 1 1 0 481.5889
h003 221 F 0 1 1 0 507.3561
h003 222 G 180 0 1 1 463.3692
h003 223 G 90 1 0 1 306.3764
h003 224 G 60 0 0 0 605.052
h003 225 R 150 1 1 0 756.3595
h003 226 G 0 0 0 0 515.4041
h003 227 G 120 0 0 0 525.3324
h003 228 R 180 0 0 0 509.1354
h003 229 F 120 1 1 0 746.282
h003 230 L 60 1 1 0 582.6752
h003 231 G 150 1 1 0 580.9621
h003 232 R 150 1 1 0 559.5527
h003 233 F 180 1 1 0 806.7198
h003 234 G 120 1 1 0 544.3426
h003 235 F 180 0 0 0 705.4866
h003 236 R 0 1 1 0 644.9306
h003 237 L 60 0 0 0 533.9385
h003 238 R 60 1 1 0 474.4899
h003 239 R 150 0 0 0 549.6453
h003 240 G 150 0 0 0 470.3304
