P001 15 R 180 1 0 1 1172.9471
P001 16 L 180 1 0 1 865.5293
P001 17 F 0 0 0 0 1062.409
P001 18 G 0 0 0 0 572.6088
P001 19 L 30 0 0 0 524.4521
P001 20 G 90 1 1 0 941.2914
P001 21 R 180 0 0 0 1012.8606
P001 22 R 120 1 1 0 707.6771
P001 23 F 90 1 1 0 815.8816
P001 24 F 60 1 1 0 548.4236
P001 25 F 180 0 0 0 785.2182
P001 26 L 30 1 1 0 1011.4967
P001 27 F 30 0 0 0 573.0547
P001 28 R 30 1 1 0 809.9761
P001 29 R 0 1 1 0 488.93
P001 30 G 30 1 1 0 907.4966
P001 31 F 0 0 0 0 472.9612
P001 32 R 180 1 1 0 686.8077
P001 33 R 180 0 1 1 1539.2752
P001 34 L 180 1 1 0 1434.6223
P001 35 L 120 1 1 0 763.3699
P001 36 G 120 1 1 0 1195.2217
P001 37 R 150 0 0 0 561.2618
P001 38 R 150 1 1 0 607.4937
P001 39 F 0 1 1 0 718.9165
P001 40 G 60 1 1 0 996.8552
P001 41 G 180 0 0 0 1078.1806
P001 42 F 150 0 0 0 614.2898
P001 43 L 90 1 1 0 659.0528
P001 44 G 150 0 0 0 631.047
P001 45 F 150 1 1 0 626.6084
P001 46 L 120 0 0 0 641.8048
P001 47 L 180 0 0 0 573.5307
P001 48 G 60 1 1 0 630.2016
P001 49 F 30 0 0 0 444.8909
P001 50 L 0 0 0 0 599.1549
P001 51 F 120 0 0 0 525.9037
P001 52 R 60 0 0 0 490.2439
P001 53 F 30 1 1 0 584.5947
P001 54 L 30 1 1 0 812.422
P001 55 L 0 1 1 0 624.8842
P001 56 R 60 1 1 0 654.5963
P001 57 L 150 0 0 0 613.1645
P001 58 F 120 0 0 0 444.4101
P001 59 L 90 1 1 0 552.2646
P001 60 G 120 0 0 0 462.5811
P001 61 G 120 0 0 0 638.068
P001 62 G 60 0 0 0 552.5258
P001 63 L 150 1 1 0 608.374
P001 64 R 90 1 1 0 624.7654
P001 65 L 150 1 1 0 752.742
P001 66 R 120 0 0 0 574.4213
P001 67 G 150 1 1 0 704.6912
P001 68 G 30 1 1 0 1018.5859
P001 69 L 120 0 0 0 591.0701
P001 70 L 0 0 0 0 488.9082
P001 71 F 60 0 0 0 472.6861
P001 72 R 120 0 0 0 447.0219
P001 73 R 90 0 0 0 458.7703
P001 74 G 120 1 1 0 546.5697
P001 75 G 60 0 0 0 633.5481
P001 76 G 90 1 1 0 672.7495
P001 77 F 90 0 0 0 548.2848
P001 78 G 180 1 1 0 752.499
P001 79 L 120 1 1 0 661.8724
P001 80 F 180 0 0 0 622.326
P001 81 R 90 1 1 0 568.4457
P001 82 F 60 1 1 0 594.5764
P001 83 F 120 1 1 0 848.559
P001 84 R 0 1 1 0 638.0342
P001 85 G 30 0 0 0 428.9724
P001 86 R 30 0 0 0 729.3005
P001 87 F 60 0 0 0 493.9421
P001 88 F 30 1 1 0 781.2387
P001 89 R 90 0 0 0 526.9608
P001 90 R 30 1 1 0 543.1925
P001 91 G 0 1 1 0 485.7377
P001 92 F 90 1 1 0 590.6536
P001 93 F 180 1 1 0 559.0001
P001 94 F 120 1 1 0 530.5387
P001 95 R 150 0 0 0 517.3021
P001 96 R 120 1 1 0 547.7177
P001 97 L 180 0 1 1 633.2623
P001 98 F 180 1 1 0 917.2585
P001 99 G 150 0 0 0 563.4825
P001 100 F 150 1 1 0 573.2446
P001 101 L 90 0 0 0 473.4361
P001 102 G 180 0 0 0 774.4585
P001 103 L 60 0 0 0 560.4123
P001 104 R 30 0 0 0 789.0724
P001 105 L 0 1 1 0 792.7234
P001 106 L 60 1 1 0 754.6764
P001 107 L 90 0 0 0 547.3847
P001 108 G 180 1 1 0 917.0082
P001 109 G 90 0 0 0 479.5554
P001 110 G 150 1 1 0 495.4945
P001 111 F 90 0 0 0 475.2316
P001 112 F 0 1 1 0 485.8145
P001 113 G 0 0 0 0 348.5929
P001 114 L 60 1 1 0 510.0671
P001 115 L 150 0 0 0 575.0186
P001 116 R 0 0 0 0 403.9066
P001 117 G 30 0 0 0 365.6205
P001 118 F 150 0 0 0 460.7446
P001 119 R 150 1 1 0 649.6675
P001 120 L 60 0 0 0 455.2643
P001 121 L 30 0 0 0 375.6869
P001 122 R 60 1 1 0 446.7509
P001 123 G 90 0 0 0 495.1532
P001 124 R 0 0 0 0 390.2172
P001 125 G 0 1 1 0 495.6183
P001 126 R 60 0 0 0 387.9923
P001 127 G 120 1 1 0 529.2276
P001 128 L 120 0 0 0 458.1172
P001 129 R 60 1 1 0 489.1024
P001 130 R 120 0 0 0 412.5614
P001 131 G 90 0 0 0 436.2236
P001 132 L 60 1 1 0 413.0279
P001 133 L 180 1 1 0 609.8473
P001 134 G 60 1 1 0 473.1171
P001 135 L 90 0 0 0 374.1601
P001 136 R 120 0 0 0 516.4958
P001 137 L 120 0 0 0 596.2294
P001 138 R 180 0 0 0 716.728
P001 139 R 90 0 0 0 406.9109
P001 140 G 0 1 1 0 456.7944
P001 141 L 90 1 1 0 641.1759
P001 142 L 180 1 1 0 558.797
P001 143 R 120 1 1 0 517.0652
P001 144 L 120 1 1 0 569.6171
P001 145 F 60 0 0 0 349.8492
P001 146 G 120 0 0 0 420.1255
P001 147 R 180 1 1 0 484.5996
P001 148 L 0 0 0 0 341.3641
P001 149 L 150 1 1 0 676.9601
P001 150 G 120 0 0 0 535.2999
P001 151 F 0 1 1 0 653.8275
P001 152 F 30 1 1 0 413.1212
P001 153 L 30 0 0 0 485.6377
P001 154 L 60 1 1 0 669.2619
P001 155 G 0 0 0 0 404.4299
P001 156 R 150 0 0 0 468.671
P001 157 F 150 0 0 0 430.4854
P001 158 F 180 0 0 0 648.9749
P001 159 F 30 0 0 0 450.0267
P001 160 L 150 0 0 0 446.309
P001 161 G 30 0 0 0 499.5465
P001 162 F 150 1 1 0 513.8175
P001 163 G 60 0 0 0 380.7302
P001 164 L 90 1 1 0 374.3079
P001 165 R 150 1 1 0 380.1944
P001 166 L 60 0 0 0 421.2438
P001 167 G 180 0 1 1 341.2808
P001 168 F 60 1 1 0 686.5761
P001 169 G 60 0 0 0 352.0827
P001 170 G 180 1 1 0 492.3746
P001 171 L 150 1 1 0 507.1491
P001 172 G 30 1 1 0 470.4229
P001 173 F 30 0 0 0 364.529
P001 174 F 180 1 1 0 429.8083
P001 175 L 120 1 1 0 389.2344
P001 176 R 0 0 0 0 434.4854
P001 177 G 180 0 1 1 378.0034
P001 178 R 0 0 0 0 384.2117
P001 179 L 0 1 1 0 635.8451
P001 180 G 0 1 1 0 893.1783
P001 181 G 0 0 0 0 369.405
P001 182 F 180 0 1 1 432.0538
P001 183 R 180 1 1 0 1236.03
P001 184 R 150 0 0 0 539.9236
P001 185 R 120 1 1 0 525.8923
P001 186 F 0 0 0 0 431.8767
P001 187 F 90 0 0 0 515.8739
P001 188 R 0 1 1 0 422.2824
P001 189 R 60 0 0 0 414.5488
P001 190 G 150 1 1 0 630.4231
P001 191 G 60 1 1 0 495.7474
P001 192 R 30 1 1 0 628.5489
P001 193 F 180 1 1 0 726.5784
P001 194 G 90 1 1 0 495.4915
P001 195 R 150 1 1 0 812.5806
P001 196 L 150 0 0 0 545.0193
P001 197 R 90 0 0 0 457.8356
P001 198 F 60 1 1 0 489.9653
P001 199 G 180 1 1 0 790.7963
P001 200 F 0 0 0 0 369.559
P001 201 R 90 1 1 0 696.9405
P001 202 G 150 0 0 0 518.2013
P001 203 F 60 0 0 0 358.3148
P001 204 R 30 1 1 0 549.4967
P001 205 F 120 1 1 0 603.9801
P001 206 L 30 0 0 0 467.489
P001 207 R 30 0 0 0 460.7633
P001 208 F 90 1 1 0 535.632
P001 209 F 120 0 0 0 480.7689
P001 210 L 0 1 1 0 839.274
P001 211 R 60 0 0 0 533.5863
P001 212 L 60 0 0 0 473.939
P001 213 F 120 0 0 0 472.3612
P001 214 L 90 0 1 1 391.4718
P001 215 L 180 0 1 1 530.9013
P001 216 F 150 0 0 0 503.8048
P001 217 R 180 0 0 0 555.1722
P001 218 L 180 0 0 0 1242.7965
P001 219 F 150 1 1 0 683.5528
P001 220 L 30 1 1 0 1082.0507
P001 221 G 150 1 1 0 787.2853
P001 222 G 150 0 0 0 588.1309
P001 223 G 90 1 1 0 766.4734
P001 224 F 90 1 1 0 981.1398
P001 225 L 30 1 1 0 505.2019
P001 226 G 30 1 1 0 510.5847
P001 227 R 60 1 1 0 417.9134
P001 228 R 0 1 1 0 386.7436
P001 229 F 0 1 1 0 636.9731
P001 230 F 30 1 1 0 373.3871
P001 231 G 30 0 0 0 370.3974
P001 232 R 90 1 1 0 1032.8841
P001 233 F 120 1 1 0 690.9303
P001 234 G 90 0 0 0 561.5225
P001 235 G 120 1 1 0 475.7342
P001 236 R 30 0 0 0 339.7261
P001 237 F 90 0 0 0 413.6556
P001 238 L 0 0 0 0 686.1685
