D009 60 L 150 1 0 1 1879.117
D009 61 G 30 1 9997 1 2000.026
D009 62 G 90 1 1 0 1105.258
D009 63 L 180 1 0 1 785.67
D009 64 F 120 0 0 0 1234.696
D009 65 R 120 1 1 0 784.473
D009 66 F 60 1 0 1 682.961
D009 67 G 30 0 1 1 1175.61
D009 68 G 30 1 1 0 1085.697
D009 69 G 150 1 0 1 1600.423
D009 70 G 150 0 0 0 621.487
D009 71 R 60 1 1 0 766.259
D009 72 L 0 1 1 0 1596.038
D009 73 G 0 0 0 0 1161.917
D009 74 L 180 1 0 1 963.283
D009 75 F 150 0 0 0 1111.721
D009 76 G 60 1 1 0 680.834
D009 77 R 180 0 0 0 1746.622
D009 78 R 60 0 0 0 680.443
D009 79 R 0 1 1 0 826.481
D009 80 R 60 1 1 0 590.014
D009 81 L 120 1 0 1 1146.625
D009 82 L 120 0 0 0 656.646
D009 83 R 0 0 0 0 722.586
D009 84 R 150 0 1 1 670.797
D009 85 L 0 1 0 1 580.057
D009 86 G 30 0 0 0 776.26
D009 87 R 180 1 1 0 583.633
D009 88 R 150 0 1 1 853.168
D009 89 R 30 0 0 0 648.486
D009 90 L 60 1 0 1 994.639
D009 91 L 180 0 0 0 914.859
D009 92 F 0 0 0 0 962.815
D009 93 G 0 1 1 0 698.241
D009 94 F 30 0 0 0 524.798
D009 95 G 120 0 0 0 951.872
D009 96 L 30 0 0 0 615.744
D009 97 F 90 1 0 1 699.454
D009 98 G 180 1 1 0 673.762
D009 99 F 180 0 1 1 866.521
D009 100 R 90 0 0 0 714.657
D009 101 G 90 0 0 0 556.395
D009 102 F 180 1 1 0 994.992
D009 103 F 30 0 0 0 579.705
D009 104 G 90 0 0 0 570.211
D009 105 L 60 0 0 0 482.806
D009 106 F 90 0 0 0 461.616
D009 107 F 180 1 1 0 634.93
D009 108 R 30 1 1 0 647.44
D009 109 G 0 0 0 0 585.816
D009 110 F 120 1 1 0 680.898
D009 111 G 60 0 0 0 759.692
D009 112 L 90 1 0 1 929.989
D009 113 R 0 1 1 0 713.476
D009 114 G 0 1 1 0 657.154
D009 115 R 150 1 1 0 670.14
D009 116 F 60 0 0 0 569.151
D009 117 R 120 0 0 0 469.498
D009 118 R 180 1 1 0 570.582
D009 119 F 150 1 1 0 1362.218
D009 120 F 0 0 0 0 523.693
D009 121 F 30 1 1 0 577.254
D009 122 L 0 0 0 0 465.873
D009 123 F 90 1 1 0 706.831
D009 124 L 150 0 1 1 898.812
D009 125 F 90 0 0 0 667.888
D009 126 G 120 0 1 1 567.427
D009 127 F 0 1 0 1 523.034
D009 128 G 120 1 1 0 960.17
D009 129 R 30 1 1 0 552.098
D009 130 R 90 0 0 0 666.565
D009 131 L 30 0 0 0 521.258
D009 132 G 180 0 1 1 479.902
D009 133 F 120 1 1 0 537.448
D009 134 R 60 0 0 0 640.401
D009 135 L 120 0 1 1 535.009
D009 136 G 150 0 1 1 815.581
D009 137 R 90 1 0 1 778.05
D009 138 R 90 1 1 0 1023.049
D009 139 R 0 0 0 0 490.199
D009 140 L 90 0 0 0 595.048
D009 141 G 90 1 1 0 521.127
D009 142 F 150 0 0 0 834.01
D009 143 G 180 1 1 0 616.253
D009 144 G 60 1 1 0 832.02
D009 145 G 180 0 1 1 506.471
D009 146 L 120 1 0 1 1050.783
D009 147 G 150 1 1 0 700.703
D009 148 F 180 0 1 1 883.985
D009 149 R 120 1 1 0 815.13
D009 150 R 30 0 1 1 535.911
D009 151 F 30 1 1 0 800.838
D009 152 G 60 0 1 1 688.649
D009 153 L 90 0 0 0 673.966
D009 154 L 0 0 0 0 555.618
D009 155 R 120 0 0 0 671.493
D009 156 R 150 1 0 1 462.378
D009 157 L 90 1 1 0 1154.559
D009 158 F 60 1 1 0 697.128
D009 159 L 30 1 1 0 772.507
D009 160 L 150 0 0 0 763.179
D009 161 F 150 1 1 0 848.625
D009 162 F 60 0 0 0 681.822
D009 163 L 150 1 0 1 1456.967
D009 164 F 0 1 0 1 884.107
D009 165 L 60 1 0 1 1025.276
D009 166 L 30 1 0 1 485.012
D009 167 L 60 0 0 0 626.917
D009 168 R 180 0 1 1 786.218
D009 169 G 120 1 0 1 1231.488
D009 170 F 120 0 0 0 897.179
D009 171 L 180 0 0 0 1107.502
D009 172 G 150 1 0 1 1219.158
D009 173 F 30 1 1 0 753.796
D009 174 G 180 0 0 0 1256.659
D009 175 G 60 1 1 0 1283.589
D009 176 L 90 1 0 1 954.471
D009 177 G 120 0 0 0 950.917
D009 178 L 180 0 0 0 1661.691
D009 179 R 0 1 1 0 760.801
D009 180 G 180 1 1 0 1121.031
D009 181 G 30 0 0 0 782.7
D009 182 F 150 0 0 0 1200.707
D009 183 F 90 1 1 0 1224.567
D009 184 F 150 0 0 0 709.557
D009 185 F 30 0 0 0 560.716
D009 186 R 120 1 1 0 710.093
D009 187 F 0 0 0 0 530.042
D009 188 L 180 1 0 1 1098.161
D009 189 R 180 0 1 1 721.888
D009 190 L 60 1 0 1 935.812
D009 191 L 0 1 1 0 1113.739
D009 192 L 150 0 0 0 737.621
D009 193 G 150 0 0 0 995.107
D009 194 G 120 1 1 0 910.625
D009 195 G 0 0 1 1 544.383
D009 196 G 60 0 1 1 534.427
D009 197 R 180 1 1 0 697.615
D009 198 R 30 0 0 0 565.822
D009 199 L 150 1 9997 1 2000.024
D009 200 L 30 1 0 1 557.289
D009 201 F 120 1 0 1 1659.549
D009 202 F 150 1 0 1 592.162
D009 203 F 0 1 0 1 416.821
D009 204 G 0 1 1 0 752.68
D009 205 F 150 1 0 1 570.446
D009 206 R 180 0 1 1 681.014
D009 207 F 30 1 0 1 879.234
D009 208 F 180 1 0 1 1010.222
D009 209 G 120 1 0 1 1142.859
D009 210 R 90 1 1 0 648.32
D009 211 F 60 0 0 0 718.912
D009 212 L 60 0 0 0 577.002
D009 213 F 60 0 0 0 523.779
D009 214 F 180 0 0 0 769.783
D009 215 R 60 0 0 0 1061.998
D009 216 L 30 1 1 0 1241.066
D009 217 F 120 1 0 1 1943.917
D009 218 G 60 0 0 0 990.586
D009 219 L 120 1 0 1 551.959
D009 220 R 90 0 0 0 986.03
D009 221 L 180 0 0 0 689.22
D009 222 F 60 1 0 1 1616.44
D009 223 R 0 0 0 0 880.785
D009 224 R 150 1 1 0 990.847
D009 225 L 150 1 0 1 1111.98
D009 226 R 120 0 0 0 685.727
D009 227 F 90 0 0 0 857.369
D009 228 F 120 0 0 0 449.34
D009 229 L 90 0 0 0 570.234
D009 230 F 90 1 1 0 727.448
D009 231 R 150 1 1 0 660.06
D009 232 L 30 0 0 0 559.742
D009 233 R 30 1 1 0 598.491
D009 234 G 60 1 1 0 1542.484
D009 235 F 60 1 0 1 744.25
D009 236 L 120 1 0 1 1609.239
D009 237 R 90 0 1 1 736.088
D009 238 G 0 1 1 0 991.774
D009 239 R 120 0 1 1 1365.519
D009 240 R 0 0 0 0 681.429
D009 241 G 180 1 1 0 615.585
D009 242 F 0 0 0 0 793.726
D009 243 G 30 0 0 0 526.511
D009 244 F 180 0 0 0 786.415
D009 245 G 30 1 0 1 933.395
D009 246 R 60 0 0 0 758.399
D009 247 R 120 1 1 0 645.877
D009 248 L 0 1 1 0 930.613
D009 249 R 0 1 1 0 625.128
D009 250 L 90 1 1 0 1178.434
D009 251 F 0 1 1 0 689.157
D009 252 G 180 0 1 1 984.923
D009 253 F 120 0 0 0 776.004
D009 254 G 120 0 0 0 765.885
D009 255 L 120 0 0 0 991.086
D009 256 G 90 1 0 1 1400.651
D009 257 R 60 1 1 0 1235.6
D009 258 L 60 1 1 0 1619.014
D009 259 R 30 0 0 0 717.589
D009 260 L 0 0 0 0 554.344
D009 261 R 90 1 1 0 721.328
D009 262 L 60 0 0 0 632.457
D009 263 G 90 1 0 1 1284.34
D009 264 R 150 0 0 0 1053.984
D009 265 R 150 0 0 0 468.863
D009 266 F 30 0 0 0 488.013
D009 267 L 30 0 0 0 654.903
D009 268 L 120 0 0 0 608.473
D009 269 R 180 1 1 0 601.31
D009 270 G 150 1 0 1 1246.45
D009 271 G 30 1 1 0 1653.287
D009 272 R 60 1 1 0 661.614
D009 273 G 150 0 1 1 1133.93
D009 274 G 90 0 0 0 959.224
D009 275 L 90 0 0 0 925.558
D009 276 F 90 0 0 0 682.086
D009 277 R 30 1 1 0 621.774
D009 278 L 0 0 0 0 425.662
D009 279 G 0 0 0 0 557.445
D009 280 L 150 0 0 0 832.939
D009 281 F 180 1 1 0 1103.515
D009 282 G 90 0 0 0 860.821
D009 283 L 180 1 0 1 1249.385
