L002 91 F 0 0 1 1 1682.0719
L002 92 F 180 0 9997 1 2000.0405
L002 93 G 120 1 1 0 1916.7771
L002 94 G 150 0 9997 1 2000.0388
L002 95 L 0 0 1 1 1001.8743
L002 96 G 150 1 9997 1 2000.0346
L002 97 G 150 1 1 0 1069.9025
L002 98 F 120 1 1 0 1312.6506
L002 99 G 30 1 1 0 1274.7874
L002 100 R 150 1 1 0 626.5821
L002 101 F 30 1 1 0 1007.9454
L002 102 L 0 0 0 0 616.3172
L002 103 R 60 1 1 0 973.4977
L002 104 G 150 0 0 0 876.4991
L002 105 L 150 1 1 0 1620.8971
L002 106 F 180 1 0 1 1737.5784
L002 107 L 180 1 0 1 1372.1864
L002 108 G 0 0 0 0 886.9524
L002 109 G 90 0 0 0 811.0307
L002 110 G 30 0 0 0 677.2489
L002 111 F 30 0 0 0 881.823
L002 112 L 120 0 0 0 797.9092
L002 113 L 180 0 0 0 923.8333
L002 114 F 150 0 0 0 981.1568
L002 115 R 120 0 0 0 700.4002
L002 116 L 90 1 1 0 1535.3518
L002 117 G 120 0 0 0 884.2372
L002 118 R 30 0 0 0 603.1649
L002 119 F 0 1 1 0 914.702
L002 120 L 180 0 0 0 1370.6024
L002 121 F 180 0 0 0 829.7543
L002 122 R 0 1 1 0 843.0169
L002 123 R 150 0 1 1 899.6803
L002 124 F 90 1 1 0 1788.8195
L002 125 G 180 1 0 1 1313.6728
L002 126 R 30 1 1 0 932.0978
L002 127 L 60 0 0 0 1110.9063
L002 128 G 120 1 1 0 1413.3185
L002 129 L 60 1 1 0 1860.047
L002 130 G 90 0 0 0 1348.4566
L002 131 F 120 1 1 0 1028.6293
L002 132 F 60 1 1 0 836.6893
L002 133 L 150 1 1 0 851.8555
L002 134 L 120 0 0 0 609.8605
L002 135 L 60 1 1 0 912.3796
L002 136 F 60 1 1 0 1436.2429
L002 137 F 60 0 0 0 909.4237
L002 138 G 180 0 0 0 1098.3086
L002 139 F 180 1 1 0 1097.5565
L002 140 G 0 1 9997 1 2000.038
L002 141 R 60 1 1 0 859.5067
L002 142 L 180 1 0 1 1589.1986
L002 143 R 180 0 1 1 988.8422
L002 144 G 30 0 0 0 1124.2795
L002 145 G 90 1 1 0 1546.6337
L002 146 G 0 0 0 0 872.85
L002 147 R 0 1 1 0 818.8625
L002 148 G 60 1 1 0 1191.2486
L002 149 R 60 0 0 0 633.9038
L002 150 R 120 0 0 0 751.781
L002 151 R 180 1 1 0 1223.1753
L002 152 F 90 0 0 0 860.2655
L002 153 F 30 0 0 0 646.1142
L002 154 L 90 0 0 0 721.1243
L002 155 G 180 1 1 0 1677.1059
L002 156 G 0 1 1 0 989.5238
L002 157 L 30 1 1 0 905.776
L002 158 L 0 1 1 0 595.3765
L002 159 R 90 0 0 0 1281.6134
L002 160 G 180 0 1 1 811.702
L002 161 G 30 1 1 0 629.278
L002 162 R 0 0 0 0 621.7913
L002 163 R 150 0 0 0 694.9878
L002 164 R 120 1 1 0 651.6468
L002 165 L 0 1 1 0 617.7975
L002 166 L 150 0 0 0 1761.753
L002 167 L 90 1 1 0 1418.2571
L002 168 G 60 1 1 0 703.7129
L002 169 R 30 1 1 0 549.3536
L002 170 R 180 0 1 1 1243.3971
L002 171 F 150 0 0 0 1075.1674
L002 172 F 150 1 1 0 1429.3641
L002 173 R 180 1 1 0 1806.0167
L002 174 F 30 1 1 0 955.6597
L002 175 R 120 1 1 0 632.6955
L002 176 G 90 1 1 0 1021.7167
L002 177 L 120 1 1 0 1196.0847
L002 178 F 0 0 0 0 677.0802
L002 179 L 30 0 0 0 583.7912
L002 180 L 90 0 0 0 648.769
L002 181 L 120 1 1 0 848.8772
L002 182 R 90 0 0 0 584.7034
L002 183 F 150 1 1 0 958.8886
L002 184 F 0 1 1 0 538.4293
L002 185 L 30 1 1 0 537.1984
L002 186 F 90 1 1 0 478.1052
L002 187 L 60 0 0 0 631.7985
L002 188 G 60 0 1 1 813.7375
L002 189 R 60 0 0 0 875.8669
L002 190 F 120 0 0 0 532.8633
L002 191 G 60 0 0 0 596.7186
L002 192 L 30 0 0 0 600.4322
L002 193 F 60 0 0 0 527.7118
L002 194 R 0 0 0 0 516.7363
L002 195 G 120 0 0 0 614.9089
L002 196 R 30 0 0 0 582.9892
L002 197 R 150 1 1 0 910.2322
L002 198 R 90 1 1 0 548.57
L002 199 L 150 0 0 0 955.5818
L002 200 R 90 1 1 0 868.2154
L002 201 F 90 0 1 1 653.2093
L002 202 F 120 0 0 0 798.119
L002 203 F 60 0 0 0 1144.7268
L002 204 R 0 0 0 0 605.37
L002 205 F 150 0 0 0 620.9781
L002 206 G 180 0 1 1 771.9928
L002 207 F 90 0 0 0 613.3863
L002 208 R 120 1 1 0 954.6708
L002 209 F 30 1 1 0 724.4278
L002 210 R 180 0 0 0 1223.1912
L002 211 R 0 1 1 0 761.1948
L002 212 L 90 0 0 0 804.0405
L002 213 L 150 1 1 0 1563.4965
L002 214 R 60 1 0 1 951.051
L002 215 G 180 0 9997 1 2000.0388
L002 216 G 0 0 0 0 822.7275
L002 217 G 30 0 0 0 555.2111
L002 218 L 30 0 0 0 539.3317
L002 219 L 180 0 1 1 702.7329
L002 220 G 120 0 0 0 889.4228
L002 221 G 30 1 1 0 1185.8046
L002 222 F 120 1 1 0 758.7869
L002 223 G 150 1 1 0 925.5833
L002 224 G 180 1 1 0 516.9914
L002 225 G 180 1 1 0 574.5842
L002 226 F 90 1 1 0 608.4044
L002 227 F 0 0 0 0 579.7005
L002 228 G 0 1 1 0 769.6629
L002 229 G 0 0 0 0 757.4711
L002 230 F 180 0 1 1 653.7239
L002 231 L 60 0 0 0 951.4517
L002 232 G 150 0 0 0 1258.6038
L002 233 F 30 0 0 0 665.8519
L002 234 L 0 0 0 0 679.8015
L002 235 L 150 0 0 0 614.3937
L002 236 G 30 1 1 0 971.5735
L002 237 F 150 0 1 1 623.1018
L002 238 R 150 0 0 0 862.166
L002 239 G 60 0 0 0 566.7014
L002 240 R 180 1 1 0 1944.6268
L002 241 R 150 1 1 0 785.2107
L002 242 R 120 0 0 0 777.9413
L002 243 L 0 1 1 0 1328.4887
L002 244 G 90 1 1 0 978.5691
L002 245 F 60 1 1 0 615.134
L002 246 R 180 0 1 1 607.4244
L002 247 R 150 0 0 0 766.498
L002 248 R 60 1 1 0 1371.2975
L002 249 R 180 1 1 0 1484.9798
L002 250 R 60 0 0 0 738.9939
L002 251 L 120 1 1 0 914.4009
L002 252 G 0 1 1 0 815.6746
L002 253 L 30 1 1 0 743.0444
L002 254 G 90 0 0 0 901.7518
L002 255 G 60 1 1 0 1117.765
L002 256 F 30 0 0 0 1283.85
L002 257 L 150 0 0 0 789.2579
L002 258 R 60 0 0 0 593.0497
L002 259 F 90 1 1 0 1009.3624
L002 260 L 120 1 1 0 1519.6747
L002 261 G 90 1 1 0 787.009
L002 262 F 30 1 1 0 595.7168
L002 263 L 0 0 0 0 638.9181
L002 264 R 0 0 0 0 694.6841
L002 265 F 90 0 0 0 616.2834
L002 266 F 120 1 1 0 806.4665
L002 267 F 150 1 1 0 831.6225
L002 268 F 0 1 1 0 600.5819
L002 269 G 120 1 1 0 515.6929
L002 270 L 180 1 1 0 621.353
L002 271 G 60 0 0 0 708.4149
L002 272 R 90 1 1 0 772.4107
L002 273 G 150 1 1 0 805.8734
L002 274 R 90 0 0 0 781.6818
L002 275 F 60 0 0 0 576.2649
L002 276 F 0 1 1 0 713.6779
L002 277 L 30 1 1 0 525.8621
L002 278 R 120 0 1 1 559.9128
L002 279 L 120 0 0 0 670.2042
L002 280 G 120 0 0 0 524.5893
L002 281 L 60 1 1 0 932.6772
L002 282 R 30 0 0 0 690.0447
L002 283 G 90 0 0 0 1151.127
L002 284 F 150 1 1 0 667.1879
L002 285 L 150 1 1 0 737.625
L002 286 F 180 1 1 0 1615.4467
L002 287 L 0 1 1 0 663.01
L002 288 L 60 0 0 0 610.4625
L002 289 G 30 0 0 0 668.9141
L002 290 R 150 1 1 0 715.0155
L002 291 L 90 1 1 0 979.1982
L002 292 F 180 0 0 0 1012.3275
L002 293 G 60 1 1 0 1401.4088
L002 294 R 120 1 1 0 739.9725
L002 295 F 60 1 1 0 592.4077
L002 296 L 30 0 0 0 680.4206
L002 297 R 30 1 1 0 761.8968
L002 298 L 120 0 0 0 737.3513
L002 299 R 90 1 1 0 650.569
L002 300 L 90 1 1 0 625.8435
L002 301 R 30 0 0 0 702.0096
L002 302 L 180 1 1 0 740.9598
L002 303 L 90 0 1 1 583.7116
L002 304 L 180 0 0 0 1301.9183
L002 305 L 60 1 1 0 844.9434
L002 306 R 90 0 0 0 770.2387
L002 307 F 0 0 0 0 604.153
L002 308 F 180 1 1 0 1502.5689
L002 309 R 30 1 1 0 1289.8581
L002 310 G 150 0 0 0 1005.7901
L002 311 F 120 0 0 0 774.3931
L002 312 R 0 1 1 0 799.667
L002 313 G 120 1 1 0 836.4387
L002 314 F 120 0 0 0 1575.9754
