A223 25 L 60 0 0 0 683.9193
A223 26 F 60 1 1 0 654.9715
A223 27 F 30 0 0 0 542.1088
A223 28 R 150 1 0 1 820.3674
A223 29 R 0 1 1 0 250.0533
A223 30 F 120 0 0 0 883.9989
A223 31 R 30 1 1 0 605.7518
A223 32 F 120 1 1 0 1018.7873
A223 33 F 90 0 0 0 633.8479
A223 34 R 60 1 1 0 623.1418
A223 35 G 120 0 0 0 626.1505
A223 36 G 150 1 1 0 655.6532
A223 37 G 180 1 1 0 805.5205
A223 38 L 150 0 0 0 497.1724
A223 39 G 0 1 1 0 564.6486
A223 40 G 120 0 0 0 337.5097
A223 41 G 120 1 1 0 794.5647
A223 42 R 60 0 0 0 706.2241
A223 43 L 180 0 0 0 534.5283
A223 44 L 0 0 0 0 415.7266
A223 45 L 60 1 1 0 589.2347
A223 46 F 90 0 0 0 605.3663
A223 47 G 30 0 0 0 548.2303
A223 48 R 0 0 0 0 432.2125
A223 49 R 180 0 0 0 577.1714
A223 50 F 30 1 1 0 568.2381
A223 51 F 60 0 0 0 905.3061
A223 52 G 150 0 0 0 510.8806
A223 53 F 0 0 0 0 428.4416
A223 54 G 0 1 0 1 630.7751
A223 55 G 30 1 1 0 1173.6128
A223 56 F 150 0 0 0 791.7411
A223 57 G 180 0 0 0 571.9288
A223 58 R 0 0 0 0 485.6533
A223 59 F 30 0 0 0 478.5899
A223 60 R 120 1 1 0 688.4358
A223 61 L 30 0 0 0 454.1236
A223 62 G 90 1 1 0 992.6644
A223 63 G 30 0 0 0 466.7551
A223 64 F 150 1 0 1 812.4611
A223 65 F 90 1 1 0 383.758
A223 66 R 180 1 1 0 778.4626
A223 67 R 120 0 0 0 641.1265
A223 68 G 0 0 0 0 671.9097
A223 69 L 120 1 1 0 693.2049
A223 70 G 90 1 1 0 568.1479
A223 71 L 30 1 0 1 489.924
A223 72 F 150 1 1 0 1396.9488
A223 73 L 0 1 1 0 681.2324
A223 74 G 60 0 0 0 690.752
A223 75 G 120 1 1 0 621.0169
A223 76 L 30 1 1 0 579.5552
A223 77 G 150 1 1 0 608.8187
A223 78 F 30 1 1 0 558.4288
A223 79 R 30 0 1 1 386.8679
A223 80 F 150 0 0 0 709.334
A223 81 R 30 0 0 0 398.9233
A223 82 F 0 0 0 0 443.7511
A223 83 L 90 1 1 0 582.3922
A223 84 L 60 0 0 0 525.816
A223 85 R 60 1 1 0 513.6527
A223 86 G 90 0 0 0 505.2069
A223 87 R 90 0 0 0 514.1346
A223 88 F 0 1 1 0 1086.2302
A223 89 L 0 1 0 1 483.8193
A223 90 L 120 0 1 1 364.0619
A223 91 R 180 1 1 0 1120.726
A223 92 G 30 1 1 0 552.6186
A223 93 F 180 1 1 0 660.0951
A223 94 R 90 1 1 0 456.796
A223 95 R 120 1 1 0 393.0396
A223 96 L 180 1 1 0 679.816
A223 97 F 120 1 1 0 528.7672
A223 98 L 150 1 1 0 543.692
A223 99 G 180 1 1 0 373.6036
A223 100 L 30 0 0 0 481.0461
A223 101 F 60 0 0 0 527.6115
A223 102 L 180 0 0 0 669.1258
A223 103 F 120 0 0 0 527.0231
A223 104 L 60 1 1 0 583.829
A223 105 L 90 0 0 0 662.1875
A223 106 F 180 1 0 1 708.7582
A223 107 R 60 0 0 0 734.5587
A223 108 F 180 0 0 0 656.8259
A223 109 L 120 1 1 0 762.7888
A223 110 L 90 0 0 0 707.543
A223 111 F 180 0 0 0 550.3853
A223 112 L 120 0 0 0 738.3564
A223 113 R 30 1 1 0 537.2669
A223 114 L 180 1 1 0 798.4118
A223 115 G 60 1 1 0 585.8476
A223 116 F 90 1 1 0 507.8226
A223 117 R 0 1 1 0 448.0835
A223 118 R 90 0 0 0 519.437
A223 119 G 0 0 0 0 478.6742
A223 120 G 60 0 0 0 409.5635
A223 121 R 150 1 1 0 574.0171
A223 122 R 150 0 0 0 744.0286
A223 123 G 60 1 1 0 637.5025
A223 124 G 150 0 1 1 461.7777
A223 125 L 90 1 1 0 598.5428
A223 126 L 150 1 1 0 552.7219
A223 127 G 180 0 0 0 809.6699
A223 128 F 0 1 1 0 838.806
A223 129 R 120 0 0 0 605.1185
A223 130 L 150 0 0 0 852.7006
A223 131 L 0 0 0 0 472.7193
A223 132 G 90 0 0 0 511.1937
A223 133 R 180 0 0 0 560.1905
A223 134 R 150 0 0 0 431.1635
A223 135 R 90 1 1 0 544.4022
A223 136 F 60 1 1 0 502.8446
A223 137 G 150 0 0 0 547.8057
A223 138 F 0 0 0 0 642.6658
A223 139 L 0 1 0 1 545.8065
A223 140 R 150 1 0 1 656.7667
A223 141 F 90 1 1 0 454.1186
A223 142 G 150 0 1 1 450.0809
A223 143 L 60 1 1 0 692.3715
A223 144 F 120 0 0 0 534.3922
A223 145 F 150 0 0 0 490.1165
A223 146 F 180 1 1 0 1041.719
A223 147 G 90 1 1 0 634.3203
A223 148 G 90 0 0 0 656.6798
A223 149 R 120 0 0 0 516.2181
A223 150 L 0 0 0 0 490.5987
A223 151 R 180 0 0 0 706.8577
A223 152 R 120 0 0 0 442.8214
A223 153 G 120 1 0 1 376.9429
A223 154 R 30 0 0 0 751.819
A223 155 R 60 0 0 0 600.3964
A223 156 G 150 1 1 0 711.31
A223 157 G 60 1 1 0 575.2248
A223 158 R 30 1 1 0 545.5288
A223 159 L 180 0 1 1 494.5307
A223 160 R 120 1 1 0 605.9449
A223 161 L 120 1 1 0 650.9453
A223 162 R 30 0 0 0 540.6031
A223 163 G 90 0 0 0 576.252
A223 164 G 30 1 1 0 871.2945
A223 165 L 150 1 1 0 673.5786
A223 166 F 120 0 0 0 658.7765
A223 167 F 150 0 0 0 465.9352
A223 168 G 120 0 0 0 392.513
A223 169 R 180 1 1 0 797.5466
A223 170 R 90 1 1 0 472.2678
A223 171 G 180 1 1 0 535.4974
A223 172 G 30 1 1 0 494.8855
A223 173 L 90 0 0 0 546.0202
A223 174 L 90 1 1 0 638.413
A223 175 L 180 1 1 0 836.8678
A223 176 G 180 1 1 0 450.7766
A223 177 R 60 1 1 0 421.7516
A223 178 G 90 1 1 0 367.1483
A223 179 R 60 1 1 0 432.3731
A223 180 L 90 1 1 0 584.06
A223 181 G 120 0 1 1 452.8478
A223 182 R 180 0 0 0 627.4742
A223 183 L 180 1 1 0 875.2367
A223 184 F 60 1 1 0 547.8593
A223 185 G 0 1 1 0 491.8829
A223 186 G 30 0 0 0 511.7086
A223 187 L 150 0 0 0 645.5846
A223 188 L 120 0 0 0 565.7144
A223 189 F 60 0 0 0 498.3343
A223 190 G 30 0 0 0 514.245
A223 191 R 150 0 1 1 695.8449
A223 192 G 150 1 1 0 761.349
A223 193 L 60 0 0 0 489.8083
A223 194 F 90 0 0 0 460.6585
A223 195 G 60 0 0 0 535.1557
A223 196 R 180 1 0 1 554.2366
A223 197 L 30 0 0 0 600.4632
A223 198 R 30 1 1 0 517.5742
A223 199 L 150 1 1 0 568.382
A223 200 F 180 0 1 1 591.5176
A223 201 R 90 1 1 0 703.9817
A223 202 F 30 0 0 0 423.3097
A223 203 R 120 1 1 0 547.2053
A223 204 F 180 0 1 1 490.6573
A223 205 F 90 1 1 0 1318.1966
A223 206 R 0 0 0 0 485.9171
A223 207 F 30 1 1 0 619.626
A223 208 G 60 1 1 0 425.9508
A223 209 L 60 1 1 0 727.8526
A223 210 G 180 0 1 1 488.806
A223 211 F 90 0 0 0 451.5119
A223 212 F 60 1 1 0 768.7913
A223 213 R 60 0 0 0 533.6726
A223 214 F 150 1 1 0 640.7032
A223 215 R 150 0 0 0 526.187
A223 216 L 120 0 0 0 691.2379
A223 217 L 30 1 1 0 550.7222
A223 218 F 0 1 1 0 593.2179
A223 219 F 30 1 1 0 563.3523
A223 220 L 90 0 0 0 426.6408
A223 221 L 150 0 0 0 623.7212
A223 222 R 0 0 0 0 504.5259
A223 223 F 180 1 1 0 835.0394
A223 224 R 0 1 1 0 541.1657
A223 225 L 0 1 1 0 633.3403
A223 226 F 30 0 0 0 465.3365
A223 227 R 150 1 1 0 554.126
A223 228 L 180 0 1 1 1085.8229
A223 229 F 150 1 1 0 812.0865
A223 230 L 60 0 0 0 390.9924
A223 231 G 0 0 0 0 404.88
A223 232 R 0 1 1 0 445.7944
A223 233 F 120 1 1 0 736.3849
A223 234 L 30 0 0 0 462.3085
A223 235 F 0 0 0 0 611.6953
A223 236 R 90 0 0 0 639.3955
A223 237 G 60 0 0 0 480.106
A223 238 L 30 1 1 0 496.6466
A223 239 G 0 0 0 0 407.0881
A223 240 F 60 0 0 0 464.1526
A223 241 F 0 1 1 0 446.5517
A223 242 G 180 0 0 0 343.6562
A223 243 L 0 0 0 0 422.4216
A223 244 R 90 0 0 0 700.1708
A223 245 L 120 1 1 0 602.7478
A223 246 G 120 1 1 0 549.7872
A223 247 G 0 1 1 0 551.4586
A223 248 F 120 1 1 0 427.4705
