E003 38 G 60 0 0 0 1177.9117
E003 39 F 90 1 1 0 1268.167
E003 40 G 180 0 1 1 1254.8008
E003 41 L 180 1 0 1 1073.8655
E003 42 R 180 0 1 1 1182.4648
E003 43 L 90 0 0 0 1826.6492
E003 44 G 90 0 0 0 1174.8052
E003 45 L 0 1 1 0 1022.9688
E003 46 R 90 1 1 0 1155.2401
E003 47 F 90 1 9997 1 2000.0405
E003 48 R 0 0 0 0 893.5219
E003 49 R 0 0 0 0 679.3305
E003 50 G 0 0 0 0 702.9005
E003 51 G 120 0 0 0 1108.6599
E003 52 G 120 0 0 0 568.6656
E003 53 F 180 1 1 0 1080.6122
E003 54 F 0 1 0 1 1408.8651
E003 55 F 60 0 0 0 835.0821
E003 56 L 30 1 1 0 1032.7975
E003 57 F 150 0 0 0 853.0422
E003 58 F 90 0 1 1 1453.7571
E003 59 G 180 1 1 0 1378.4137
E003 60 L 30 0 0 0 733.7907
E003 61 G 30 1 1 0 997.1943
E003 62 R 150 1 1 0 1634.0909
E003 63 R 180 0 1 1 1025.9365
E003 64 L 180 0 0 0 1616.3272
E003 65 F 30 0 0 0 894.8651
E003 66 F 90 0 0 0 919.9672
E003 67 G 120 1 1 0 1121.5325
E003 68 F 120 1 1 0 1023.6801
E003 69 R 90 1 1 0 1148.0867
E003 70 F 150 1 1 0 1121.961
E003 71 F 180 1 0 1 1323.3165
E003 72 L 0 0 0 0 1025.427
E003 73 G 30 1 0 1 1506.8404
E003 74 G 150 1 1 0 1728.3227
E003 75 L 60 1 1 0 1127.7154
E003 76 R 120 1 1 0 1320.5089
E003 77 L 60 1 1 0 1573.3416
E003 78 L 150 0 0 0 1399.3901
E003 79 R 60 0 0 0 899.1308
E003 80 F 180 0 0 0 1407.5004
E003 81 G 150 0 0 0 895.5459
E003 82 G 90 1 1 0 1171.4807
E003 83 R 30 1 0 1 1603.3155
E003 84 F 30 1 1 0 1402.8009
E003 85 F 0 1 1 0 767.5288
E003 86 R 30 0 0 0 754.1875
E003 87 L 60 0 0 0 1004.0511
E003 88 L 90 1 1 0 1176.0802
E003 89 G 60 0 0 0 854.2242
E003 90 R 0 1 1 0 781.8572
E003 91 R 90 0 0 0 1024.4288
E003 92 L 180 0 1 1 1666.0752
E003 93 R 150 0 0 0 1169.8939
E003 94 L 150 1 1 0 966.9307
E003 95 L 0 1 1 0 1026.3455
E003 96 L 150 1 1 0 1216.4926
E003 97 G 30 0 0 0 739.6946
E003 98 R 60 0 0 0 689.0985
E003 99 G 0 1 1 0 750.4571
E003 100 R 0 1 1 0 760.3349
E003 101 F 150 0 0 0 986.2237
E003 102 L 90 1 1 0 1197.643
E003 103 R 150 1 0 1 1948.5792
E003 104 L 120 0 1 1 1133.2706
E003 105 L 30 1 1 0 1136.0751
E003 106 G 0 1 1 0 1118.5226
E003 107 R 150 0 0 0 1161.3434
E003 108 L 30 0 0 0 846.305
E003 109 G 90 0 0 0 995.374
E003 110 L 150 0 0 0 667.3848
E003 111 G 60 1 1 0 677.1679
E003 112 R 120 0 0 0 825.5477
E003 113 F 120 0 0 0 626.0854
E003 114 R 60 1 1 0 688.5967
E003 115 R 90 0 0 0 1114.5495
E003 116 G 150 0 0 0 933.3806
E003 117 G 0 0 0 0 622.2975
E003 118 F 0 0 0 0 487.9643
E003 119 G 180 0 1 1 1422.2084
E003 120 F 150 1 1 0 1151.6908
E003 121 L 90 0 0 0 816.2523
E003 122 R 180 1 9997 1 2000.0388
E003 123 L 120 1 1 0 1236.2554
E003 124 F 60 0 0 0 681.1908
E003 125 G 120 1 1 0 818.8504
E003 126 F 30 0 0 0 762.6531
E003 127 R 30 1 0 1 860.9586
E003 128 L 120 0 0 0 1301.7959
E003 129 F 30 1 0 1 917.9024
E003 130 F 120 1 0 1 1367.4735
E003 131 R 60 1 0 1 1018.0098
E003 132 G 30 0 0 0 1040.3141
E003 133 R 120 0 0 0 1103.2154
E003 134 L 180 1 1 0 1358.6115
E003 135 R 180 1 1 0 1457.5274
E003 136 F 60 1 1 0 1383.6261
E003 137 L 60 0 0 0 607.694
E003 138 G 60 1 1 0 1089.9793
E003 139 F 180 0 0 0 1744.1317
E003 140 F 0 0 0 0 720.7737
E003 141 F 120 0 0 0 834.394
E003 142 L 120 1 1 0 910.5051
E003 143 L 0 0 0 0 964.3402
E003 144 R 30 0 0 0 686.7487
E003 145 G 90 1 1 0 939.3747
E003 146 R 120 1 0 1 1011.8655
E003 147 G 150 1 1 0 1193.7308
E003 148 F 60 1 1 0 863.9053
E003 149 G 180 1 1 0 981.4887
E003 150 L 0 1 0 1 1237.2332
E003 151 G 90 1 1 0 1293.4225
E003 152 F 90 1 1 0 1176.799
E003 153 G 180 0 0 0 1597.1823
E003 154 F 60 1 1 0 1310.1618
E003 155 F 120 1 1 0 1049.7683
E003 156 L 30 1 1 0 1028.5536
E003 157 G 90 1 1 0 1286.6375
E003 158 F 60 1 1 0 1062.6549
E003 159 G 60 0 0 0 728.7393
E003 160 L 90 1 1 0 947.8917
E003 161 F 120 1 0 1 1351.4505
E003 162 R 120 1 0 1 1556.126
E003 163 F 0 0 0 0 897.6107
E003 164 R 30 0 0 0 840.8136
E003 165 G 120 0 0 0 1505.6696
E003 166 L 0 1 1 0 791.2469
E003 167 G 150 1 1 0 1574.7691
E003 168 L 60 1 1 0 837.2964
E003 169 G 90 0 0 0 825.4421
E003 170 R 0 1 1 0 904.5499
E003 171 R 180 1 1 0 1906.5454
E003 172 F 150 0 0 0 1299.5006
E003 173 L 150 1 1 0 1046.2299
E003 174 F 90 1 0 1 893.4205
E003 175 F 90 0 0 0 967.6772
E003 176 L 0 0 0 0 888.2051
E003 177 F 180 1 1 0 1597.3997
E003 178 G 60 1 1 0 904.9776
E003 179 R 60 0 0 0 823.8667
E003 180 L 120 1 1 0 966.4094
E003 181 L 60 1 1 0 1231.076
E003 182 G 30 0 0 0 733.8692
E003 183 R 180 0 0 0 1909.1558
E003 184 L 180 1 1 0 1311.5139
E003 185 L 30 0 0 0 627.0945
E003 186 F 150 1 1 0 1026.8601
E003 187 F 30 0 0 0 755.7226
E003 188 L 150 0 0 0 1316.3992
E003 189 G 60 0 0 0 814.0666
E003 190 F 30 0 0 0 543.2844
E003 191 G 150 0 0 0 765.1766
E003 192 R 30 1 1 0 637.134
E003 193 L 180 0 0 0 1433.6409
E003 194 F 150 1 1 0 1105.9048
E003 195 R 120 1 1 0 833.2386
E003 196 R 120 0 0 0 1006.353
E003 197 F 60 0 0 0 782.1195
E003 198 F 120 0 0 0 629.4532
E003 199 L 180 0 0 0 1322.8692
E003 200 R 150 1 1 0 1142.3606
E003 201 F 60 0 0 0 719.0204
E003 202 R 60 1 1 0 808.2005
E003 203 F 30 1 1 0 871.137
E003 204 G 90 0 0 0 684.1107
E003 205 F 0 0 0 0 783.3714
E003 206 L 120 1 1 0 743.1981
E003 207 G 60 1 0 1 1322.2781
E003 208 R 0 0 0 0 869.6505
E003 209 R 0 0 0 0 677.9549
E003 210 R 30 0 0 0 669.3351
E003 211 F 90 0 0 0 946.1742
E003 212 G 0 0 0 0 1058.8631
E003 213 L 60 0 0 0 559.5837
E003 214 F 30 1 1 0 864.8652
E003 215 R 150 1 1 0 1208.0429
E003 216 R 120 0 0 0 886.5406
E003 217 L 30 0 0 0 906.73
E003 218 G 30 1 1 0 981.6278
E003 219 G 120 1 1 0 1071.9963
E003 220 R 180 1 0 1 1573.0809
E003 221 R 90 0 0 0 1308.4959
E003 222 G 30 0 0 0 836.7717
E003 223 R 180 0 9997 1 2000.0265
E003 224 L 0 0 0 0 826.2416
E003 225 L 150 1 1 0 1050.1782
E003 226 F 120 0 0 0 1009.8258
E003 227 L 90 0 0 0 745.702
E003 228 G 180 0 1 1 816.1775
E003 229 L 120 0 0 0 890.8054
E003 230 L 180 1 1 0 1025.8938
E003 231 R 90 1 1 0 1109.6067
E003 232 G 120 1 1 0 1903.4967
E003 233 R 90 0 0 0 1151.3234
E003 234 G 30 1 1 0 860.6655
E003 235 G 180 1 1 0 1308.1576
E003 236 G 120 0 0 0 957.4496
E003 237 L 30 1 1 0 863.3293
E003 238 R 150 0 0 0 932.3294
E003 239 G 180 1 1 0 832.529
E003 240 L 90 0 0 0 741.7521
E003 241 F 180 1 1 0 886.3302
E003 242 F 150 0 0 0 958.8221
E003 243 R 30 1 1 0 979.0973
E003 244 L 60 0 0 0 966.9162
E003 245 F 180 0 1 1 863.1273
E003 246 R 150 0 0 0 966.5198
E003 247 R 60 0 0 0 992.3507
E003 248 G 0 1 1 0 942.3228
E003 249 G 150 0 0 0 1551.8659
E003 250 F 0 1 1 0 1041.6114
E003 251 G 150 1 1 0 1006.9568
E003 252 R 90 1 0 1 1014.753
E003 253 L 90 1 1 0 1045.5882
E003 254 R 0 1 1 0 916.9537
E003 255 G 0 0 0 0 967.8392
E003 256 F 0 1 1 0 853.9331
E003 257 G 0 1 1 0 779.6061
E003 258 L 120 0 0 0 1011.8325
E003 259 R 60 1 1 0 1207.2208
E003 260 F 180 0 1 1 1166.1669
E003 261 L 150 0 0 0 966.7293
