L001 18 R 60 1 1 0 785.6635
L001 19 R 0 0 0 0 563.1221
L001 20 G 120 1 1 0 779.8441
L001 21 F 60 1 1 0 878.665
L001 22 F 0 1 1 0 418.3643
L001 23 L 150 1 1 0 676.8888
L001 24 R 30 0 0 0 508.1939
L001 25 L 0 1 1 0 587.2744
L001 26 R 180 0 0 0 788.0471
L001 27 R 30 1 0 1 534.709
L001 28 G 0 0 0 0 1006.2952
L001 29 L 0 0 0 0 533.6312
L001 30 G 120 0 0 0 664.5459
L001 31 G 0 1 1 0 1031.8264
L001 32 R 0 1 1 0 613.8096
L001 33 L 90 1 1 0 588.895
L001 34 L 0 0 0 0 395.7064
L001 35 F 150 0 0 0 641.2365
L001 36 R 60 1 1 0 620.6378
L001 37 R 150 1 1 0 665.2385
L001 38 F 180 0 0 0 883.0273
L001 39 G 30 1 1 0 808.6978
L001 40 G 180 0 0 0 862.0512
L001 41 F 0 0 0 0 619.1826
L001 42 G 30 1 1 0 617.4025
L001 43 L 150 1 1 0 791.5274
L001 44 G 60 0 0 0 776.0458
L001 45 G 90 1 1 0 551.1566
L001 46 L 120 0 0 0 580.1335
L001 47 F 90 1 1 0 537.6368
L001 48 F 150 0 0 0 634.5717
L001 49 G 60 1 1 0 517.1878
L001 50 R 90 0 0 0 683.1762
L001 51 G 150 1 1 0 687.2795
L001 52 L 60 1 1 0 511.5955
L001 53 F 180 1 1 0 710.0766
L001 54 L 120 0 0 0 556.2492
L001 55 F 30 1 1 0 529.7045
L001 56 R 150 0 0 0 487.2119
L001 57 G 30 0 0 0 445.0202
L001 58 F 0 1 1 0 510.7831
L001 59 R 120 0 0 0 633.3604
L001 60 L 30 0 0 0 493.9868
L001 61 L 180 0 0 0 625.4507
L001 62 F 60 0 0 0 535.9061
L001 63 R 90 1 1 0 598.9789
L001 64 F 180 0 0 0 959.6926
L001 65 R 180 1 1 0 870.0301
L001 66 R 0 1 1 0 780.3774
L001 67 R 60 0 0 0 765.4805
L001 68 L 60 0 0 0 705.7989
L001 69 G 150 0 0 0 621.8558
L001 70 L 0 1 1 0 764.5444
L001 71 F 90 0 0 0 732.7711
L001 72 L 150 0 1 1 682.5641
L001 73 F 150 1 1 0 611.3676
L001 74 R 60 0 0 0 668.7182
L001 75 G 150 0 0 0 502.8648
L001 76 R 150 1 1 0 673.3378
L001 77 F 60 1 1 0 1344.2234
L001 78 F 120 1 1 0 580.7224
L001 79 L 30 1 1 0 700.943
L001 80 L 90 0 0 0 453.8161
L001 81 F 120 1 1 0 538.8595
L001 82 R 180 1 1 0 1173.017
L001 83 F 90 1 1 0 1102.6231
L001 84 L 180 1 1 0 757.6672
L001 85 R 90 1 1 0 684.844
L001 86 R 180 0 1 1 829.8982
L001 87 G 180 1 1 0 1203.9592
L001 88 F 150 1 1 0 885.8668
L001 89 G 90 0 0 0 712.8805
L001 90 L 120 1 1 0 745.887
L001 91 L 60 0 0 0 834.3988
L001 92 R 90 0 0 0 640.5457
L001 93 G 60 1 1 0 645.3924
L001 94 F 60 0 0 0 629.7359
L001 95 L 150 0 0 0 580.2668
L001 96 R 120 0 0 0 849.0127
L001 97 F 180 1 1 0 690.1059
L001 98 G 0 0 0 0 573.2167
L001 99 G 150 1 1 0 596.9234
L001 100 F 90 0 0 0 545.8258
L001 101 L 120 1 0 1 570.7156
L001 102 R 0 0 0 0 609.4316
L001 103 F 120 0 0 0 574.4384
L001 104 G 120 1 1 0 574.2333
L001 105 G 90 1 1 0 656.4907
L001 106 R 30 1 1 0 813.635
L001 107 F 30 0 0 0 534.0525
L001 108 L 90 1 1 0 572.209
L001 109 F 30 1 1 0 624.4319
L001 110 R 120 1 1 0 816.0411
L001 111 L 90 0 0 0 602.8478
L001 112 G 180 0 0 0 911.0222
L001 113 L 30 1 1 0 478.8849
L001 114 R 120 1 1 0 613.2838
L001 115 G 0 1 1 0 947.5394
L001 116 G 60 0 0 0 680.596
L001 117 L 180 1 1 0 842.1825
L001 118 L 60 1 1 0 719.7934
L001 119 L 30 0 0 0 559.1334
L001 120 L 180 0 1 1 511.3242
L001 121 G 90 0 0 0 512.3989
L001 122 G 120 0 0 0 421.9885
L001 123 R 30 0 0 0 445.3334
L001 124 F 0 0 0 0 445.5267
L001 125 R 150 0 0 0 703.8023
L001 126 F 120 0 0 0 485.888
L001 127 G 30 0 0 0 444.1126
L001 128 F 30 0 0 0 465.8765
L001 129 G 180 1 1 0 813.5146
L001 130 G 180 0 0 0 844.8476
L001 131 G 30 0 0 0 519.5959
L001 132 F 180 0 0 0 592.6535
L001 133 L 150 0 0 0 580.521
L001 134 L 60 0 0 0 482.1945
L001 135 G 60 0 0 0 483.7341
L001 136 L 30 0 0 0 379.3449
L001 137 F 0 1 1 0 673.2875
L001 138 F 180 1 1 0 847.0026
L001 139 L 0 0 0 0 543.3682
L001 140 G 150 0 0 0 1224.2246
L001 141 R 30 0 0 0 508.3585
L001 142 G 120 1 1 0 648.4464
L001 143 L 30 1 1 0 625.5412
L001 144 R 30 1 1 0 525.5852
L001 145 F 120 0 0 0 685.6316
L001 146 F 120 1 1 0 559.7457
L001 147 L 120 1 1 0 875.2478
L001 148 L 90 0 0 0 570.2602
L001 149 G 0 0 0 0 917.5197
L001 150 L 60 1 1 0 632.6016
L001 151 F 150 0 0 0 664.7817
L001 152 G 120 1 1 0 822.4878
L001 153 G 30 1 1 0 544.6173
L001 154 F 30 0 0 0 706.6018
L001 155 L 150 0 0 0 595.0108
L001 156 G 90 1 1 0 735.7829
L001 157 R 90 0 0 0 685.9777
L001 158 F 0 1 1 0 562.5276
L001 159 F 150 0 0 0 848.5771
L001 160 L 120 0 0 0 473.9197
L001 161 G 0 1 1 0 591.1148
L001 162 L 180 1 1 0 663.5123
L001 163 G 180 1 1 0 550.1322
L001 164 G 30 0 0 0 603.9835
L001 165 R 180 0 1 1 548.5477
L001 166 F 150 1 1 0 718.7838
L001 167 G 150 1 1 0 821.4904
L001 168 F 0 0 0 0 501.7613
L001 169 F 60 1 1 0 602.3238
L001 170 L 30 1 1 0 666.7546
L001 171 R 180 0 0 0 881.8967
L001 172 R 0 1 1 0 621.7486
L001 173 F 30 0 0 0 640.6767
L001 174 L 0 1 1 0 621.486
L001 175 F 90 1 1 0 631.9658
L001 176 R 180 1 1 0 864.1618
L001 177 F 30 1 1 0 871.468
L001 178 R 150 0 0 0 742.1862
L001 179 L 90 1 1 0 756.642
L001 180 R 30 0 0 0 553.5243
L001 181 R 150 1 1 0 670.074
L001 182 R 60 1 1 0 748.0772
L001 183 G 150 1 1 0 796.2233
L001 184 R 60 0 0 0 697.1132
L001 185 G 90 0 0 0 677.6445
L001 186 F 60 0 0 0 730.5565
L001 187 R 120 1 1 0 663.4061
L001 188 G 90 0 0 0 708.4554
L001 189 L 120 1 1 0 1111.453
L001 190 G 180 0 0 0 944.4644
L001 191 R 90 1 0 1 622.0584
L001 192 F 0 0 0 0 682.6108
L001 193 F 90 0 0 0 665.8405
L001 194 R 0 1 1 0 765.3263
L001 195 F 60 0 0 0 787.8828
L001 196 G 0 1 1 0 762.2094
L001 197 F 180 0 0 0 656.9964
L001 198 G 60 1 1 0 724.5105
L001 199 L 60 0 0 0 614.0135
L001 200 F 120 1 1 0 721.8459
L001 201 L 180 0 0 0 847.6678
L001 202 F 180 1 1 0 863.5491
L001 203 G 0 0 0 0 630.3642
L001 204 F 30 1 1 0 576.0282
L001 205 F 150 1 1 0 554.3484
L001 206 G 120 0 0 0 629.2604
L001 207 G 60 0 0 0 608.6866
L001 208 L 150 1 1 0 617.9045
L001 209 R 60 1 1 0 444.4171
L001 210 G 180 1 1 0 909.8779
L001 211 R 150 1 1 0 773.2924
L001 212 R 90 0 0 0 838.6105
L001 213 L 0 0 0 0 530.278
L001 214 L 60 1 1 0 662.1892
L001 215 F 90 0 0 0 561.9292
L001 216 L 150 1 1 0 683.1737
L001 217 F 90 1 1 0 626.0888
L001 218 R 120 0 0 0 671.7949
L001 219 R 0 0 0 0 623.2205
L001 220 F 120 0 0 0 534.7006
L001 221 L 90 0 0 0 619.6771
L001 222 L 180 0 0 0 744.3957
L001 223 G 150 0 0 0 543.6342
L001 224 L 90 1 0 1 409.5325
L001 225 G 90 1 1 0 700.8382
L001 226 R 150 0 1 1 470.4285
L001 227 G 60 1 1 0 667.2929
L001 228 R 120 0 0 0 566.6131
L001 229 R 30 1 1 0 557.1624
L001 230 L 30 0 0 0 537.085
L001 231 F 60 1 1 0 672.0374
L001 232 R 60 0 0 0 764.5324
L001 233 G 30 1 1 0 604.0019
L001 234 R 180 1 1 0 872.9749
L001 235 L 0 1 1 0 686.009
L001 236 G 120 0 0 0 736.7643
L001 237 L 120 0 0 0 621.734
L001 238 R 120 1 1 0 608.4083
L001 239 L 180 1 1 0 888.4741
L001 240 R 90 1 1 0 764.7028
L001 241 R 0 0 0 0 588.2926
