D006 20 R 90 1 0 1 1036.888
D006 21 G 120 1 1 0 1550.936
D006 22 L 120 1 1 0 1394.372
D006 23 F 0 1 1 0 1424.877
D006 24 R 150 0 1 1 1143.3
D006 25 G 90 1 0 1 1880.859
D006 26 R 30 1 1 0 1469.254
D006 27 R 150 0 0 0 1772.573
D006 28 L 30 1 9997 1 2000.023
D006 29 F 0 0 1 1 1098.538
D006 30 G 60 1 9997 1 2000.022
D006 31 L 150 0 1 1 1106.445
D006 32 R 180 1 9997 1 2000.022
D006 33 F 150 1 1 0 1434.845
D006 34 L 30 1 1 0 1286.057
D006 35 L 120 0 0 0 801.457
D006 36 L 0 0 0 0 995.356
D006 37 L 180 1 1 0 1570.583
D006 38 L 90 1 1 0 882.071
D006 39 R 180 1 0 1 1190.02
D006 40 F 0 0 1 1 1419.399
D006 41 G 60 0 0 0 1512.121
D006 42 G 150 0 0 0 904.659
D006 43 F 120 0 0 0 1273.653
D006 44 G 90 1 1 0 1641.685
D006 45 L 90 0 0 0 1362.089
D006 46 L 180 0 1 1 1619.236
D006 47 G 180 1 9997 1 2000.025
D006 48 R 150 1 1 0 1151.9
D006 49 F 90 1 1 0 1429.708
D006 50 L 60 0 0 0 1370.883
D006 51 F 120 1 1 0 968.069
D006 52 G 0 1 0 1 1320.359
D006 53 G 30 1 0 1 719.497
D006 54 F 60 1 1 0 1783.608
D006 55 F 180 0 0 0 1426.263
D006 56 F 60 1 0 1 925.619
D006 57 G 30 0 1 1 823.366
D006 58 G 60 0 0 0 654.88
D006 59 R 90 0 0 0 1146.499
D006 60 R 60 1 1 0 690.159
D006 61 F 120 0 0 0 953.038
D006 62 L 150 0 0 0 1417.806
D006 63 G 120 0 0 0 831.756
D006 64 G 180 1 1 0 1137.334
D006 65 L 60 0 0 0 1242.648
D006 66 G 120 0 1 1 1653.134
D006 67 G 0 0 0 0 1528.886
D006 68 R 90 1 0 1 912.634
D006 69 L 120 0 9997 1 2000.024
D006 70 R 30 0 0 0 1503.64
D006 71 F 150 0 0 0 1529.438
D006 72 G 90 0 0 0 1336.493
D006 73 G 150 1 1 0 1550.409
D006 74 F 60 0 0 0 1149.833
D006 75 F 30 0 0 0 1705.911
D006 76 F 120 1 1 0 801.055
D006 77 G 120 1 1 0 935.655
D006 78 F 30 0 0 0 758.441
D006 79 G 30 0 0 0 799.706
D006 80 R 120 0 0 0 1397.809
D006 81 F 30 1 1 0 649.335
D006 82 R 0 0 0 0 961.29
D006 83 L 150 1 1 0 1425.001
D006 84 L 0 1 1 0 914.632
D006 85 G 60 1 1 0 1575.922
D006 86 R 30 0 0 0 1391.493
D006 87 L 60 1 1 0 1029.654
D006 88 F 180 1 0 1 961.463
D006 89 R 90 0 1 1 818.489
D006 90 L 180 1 1 0 1969.368
D006 91 F 180 1 1 0 1709.385
D006 92 L 120 1 0 1 1508.768
D006 93 G 30 1 1 0 1558.863
D006 94 F 60 0 0 0 1017.062
D006 95 F 150 1 1 0 1339.833
D006 96 G 90 0 0 0 983.596
D006 97 F 180 0 0 0 1482.141
D006 98 F 0 1 1 0 843.092
D006 99 R 0 1 1 0 1297.409
D006 100 G 0 1 9997 1 2000.023
D006 101 F 30 1 1 0 1689.95
D006 102 F 150 0 0 0 840.409
D006 103 L 30 0 9997 1 2000.023
D006 104 R 0 1 1 0 708.064
D006 105 R 180 0 0 0 1758.543
D006 106 L 0 0 0 0 1105.188
D006 107 G 0 0 1 1 717.191
D006 108 F 90 0 0 0 1018.213
D006 109 L 90 1 1 0 1082.666
D006 110 R 60 1 1 0 1141.158
D006 111 R 150 1 1 0 1478.162
D006 112 R 0 0 0 0 752.893
D006 113 F 90 0 0 0 1637.845
D006 114 L 150 1 1 0 1583.996
D006 115 L 60 1 1 0 575.768
D006 116 G 150 1 1 0 1583.764
D006 117 G 150 0 0 0 855.065
D006 118 L 30 0 0 0 1313.256
D006 119 R 30 1 1 0 847.309
D006 120 G 180 0 1 1 1697.919
D006 121 R 60 0 9997 1 2000.022
D006 122 L 180 0 0 0 1858.53
D006 123 R 120 0 0 0 1710.076
D006 124 L 0 1 1 0 1153.254
D006 125 R 120 1 1 0 1079.746
D006 126 R 180 0 1 1 1968.693
D006 127 R 120 1 1 0 1236.796
D006 128 F 90 1 9997 1 2000.023
D006 129 G 180 0 0 0 1390.403
D006 130 R 60 0 0 0 1367.062
D006 131 L 90 0 0 0 979.007
D006 132 F 180 0 0 0 853.237
D006 133 L 90 0 0 0 726.188
D006 134 F 120 0 0 0 697.214
D006 135 G 90 0 0 0 1390.319
D006 136 F 150 0 0 0 632.569
D006 137 R 90 0 0 0 1816.501
D006 138 G 0 0 0 0 696.12
D006 139 L 90 0 0 0 548.999
D006 140 F 0 0 0 0 530.525
D006 141 G 90 1 1 0 1335.927
D006 142 L 150 1 0 1 1367.418
D006 143 L 180 0 0 0 1689.479
D006 144 L 30 0 0 0 575.105
D006 145 R 150 0 1 1 1566.479
D006 146 F 30 1 0 1 1198.97
D006 147 G 30 0 0 0 1821.359
D006 148 R 120 0 0 0 1429.947
D006 149 G 0 1 1 0 1239.785
D006 150 R 120 1 1 0 854.195
D006 151 F 150 0 0 0 887.784
D006 152 R 180 0 1 1 1320.603
D006 153 F 30 0 0 0 688.764
D006 154 F 90 0 0 0 975.73
D006 155 F 90 1 1 0 729.267
D006 156 L 90 1 1 0 1258.319
D006 157 F 0 0 0 0 1088.178
D006 158 L 60 0 0 0 697.1
D006 159 R 150 1 1 0 1774.113
D006 160 G 120 0 0 0 902.566
D006 161 L 0 0 0 0 578.014
D006 162 G 30 1 1 0 558.561
D006 163 R 0 1 1 0 1312.117
D006 164 G 30 0 0 0 1110.196
D006 165 F 150 1 0 1 1591.782
D006 166 F 90 1 0 1 1018.005
D006 167 G 60 1 1 0 1421.961
D006 168 R 0 0 0 0 681.153
D006 169 R 180 1 1 0 1424.334
D006 170 L 150 0 0 0 1279.867
D006 171 F 60 1 1 0 1215.598
D006 172 L 30 0 0 0 696.223
D006 173 R 60 1 9997 1 2000.023
D006 174 G 150 0 0 0 1715.704
D006 175 F 60 0 0 0 1007.462
D006 176 F 180 0 1 1 1818.036
D006 177 L 150 1 1 0 1391.85
D006 178 G 90 0 0 0 1959.718
D006 179 L 0 1 1 0 761.897
D006 180 G 180 0 9997 1 2000.024
D006 181 G 150 0 0 0 604.578
D006 182 G 120 0 0 0 702.668
D006 183 R 30 0 0 0 1254.136
D006 184 R 30 1 1 0 558.391
D006 185 G 120 1 0 1 918.591
D006 186 R 180 1 1 0 1638.627
D006 187 G 150 1 0 1 1883.956
D006 188 G 0 0 1 1 800.583
D006 189 L 120 1 1 0 737.521
D006 190 F 0 1 1 0 1562.228
D006 191 F 180 1 1 0 1600.62
D006 192 G 30 1 1 0 1318.573
D006 193 F 120 0 0 0 1449.012
D006 194 R 0 0 0 0 776.196
D006 195 R 60 0 0 0 662.013
D006 196 R 90 1 1 0 1272.989
D006 197 R 30 1 1 0 510.076
D006 198 F 120 1 1 0 1655.345
D006 199 L 150 0 0 0 1335.517
D006 200 R 0 1 1 0 1296.707
D006 201 R 30 0 9997 1 2000.022
D006 202 R 120 1 1 0 1012.28
D006 203 L 0 1 1 0 1936.964
D006 204 F 0 1 9997 1 2000.023
D006 205 L 120 0 0 0 1202.366
D006 206 R 90 1 1 0 1571.208
D006 207 R 90 0 0 0 779.77
D006 208 F 30 0 1 1 1350.805
D006 209 L 120 0 1 1 1596.521
D006 210 R 120 0 0 0 918.355
D006 211 F 150 1 0 1 1336.251
D006 212 R 150 0 0 0 1414.814
D006 213 F 120 1 0 1 1134.467
D006 214 L 90 1 0 1 657.823
D006 215 G 180 1 9997 1 2000.022
D006 216 F 60 0 1 1 1345.2
D006 217 F 180 1 1 0 1370.054
D006 218 L 180 1 0 1 1481.288
D006 219 F 60 1 0 1 1704.694
D006 220 L 60 1 1 0 904.45
D006 221 L 180 1 1 0 901.004
D006 222 G 120 1 1 0 1175.049
D006 223 F 30 1 1 0 727.266
D006 224 G 180 1 1 0 1716.753
D006 225 G 150 1 1 0 779.529
D006 226 G 90 1 1 0 633.02
D006 227 R 60 0 1 1 1110.887
D006 228 R 150 1 9997 1 2000.022
D006 229 R 60 1 1 0 802.24
D006 230 L 60 1 0 1 1767.636
D006 231 G 60 0 0 0 1158.354
D006 232 R 180 0 0 0 1703.349
D006 233 G 180 0 0 0 1671.422
D006 234 L 180 0 0 0 858.329
D006 235 L 60 0 0 0 593.13
D006 236 F 90 0 0 0 890.53
D006 237 L 30 1 1 0 809.115
D006 238 L 120 1 0 1 840.474
D006 239 G 0 1 1 0 1360.207
D006 240 G 60 1 0 1 1158.811
D006 241 G 60 0 0 0 804.557
D006 242 L 30 1 1 0 892.758
D006 243 L 0 0 0 0 825.522
