e006 17 R 0 1 1 0 1013.5621
e006 18 R 90 1 1 0 930.6216
e006 19 F 120 1 1 0 1117.0889
e006 20 F 0 1 1 0 1270.8489
e006 21 R 180 1 1 0 1222.2403
e006 22 L 180 0 0 0 1039.7754
e006 23 L 90 0 0 0 852.9355
e006 24 G 120 0 0 0 1160.7182
e006 25 L 30 1 1 0 767.1151
e006 26 F 120 0 0 0 694.2086
e006 27 F 60 1 1 0 744.1124
e006 28 R 180 1 1 0 1242.3386
e006 29 R 150 1 9997 1 2000.0399
e006 30 L 90 1 1 0 1579.5876
e006 31 G 150 1 9997 1 2000.0399
e006 32 R 150 0 0 0 1026.5115
e006 33 G 180 1 1 0 1029.1828
e006 34 L 30 0 0 0 863.655
e006 35 F 90 0 0 0 614.6764
e006 36 L 150 0 0 0 809.1635
e006 37 G 0 0 0 0 747.8959
e006 38 F 150 0 0 0 746.6178
e006 39 L 120 0 0 0 583.4837
e006 40 G 60 1 1 0 715.8622
e006 41 G 150 1 1 0 1008.1102
e006 42 L 120 1 9997 1 2000.0249
e006 43 R 30 0 0 0 1442.1607
e006 44 F 0 1 1 0 821.222
e006 45 R 60 1 1 0 714.3626
e006 46 F 120 1 1 0 1922.6723
e006 47 L 30 0 0 0 652.4257
e006 48 G 120 1 1 0 690.6638
e006 49 R 30 1 0 1 827.4261
e006 50 L 0 1 9997 1 2000.0386
e006 51 L 120 0 0 0 776.7577
e006 52 G 30 0 0 0 681.9194
e006 53 L 150 1 1 0 687.3714
e006 54 R 0 1 1 0 856.1733
e006 55 R 90 0 0 0 956.233
e006 56 R 120 1 1 0 651.6672
e006 57 R 30 1 1 0 867.2842
e006 58 L 0 0 0 0 717.4308
e006 59 L 60 1 1 0 700.8377
e006 60 F 90 0 0 0 844.5107
e006 61 R 180 0 1 1 537.8016
e006 62 R 150 0 0 0 651.0693
e006 63 F 180 1 1 0 1051.0895
e006 64 R 180 0 0 0 971.5617
e006 65 R 60 0 0 0 554.9278
e006 66 F 150 1 1 0 705.8148
e006 67 L 180 0 0 0 1003.33
e006 68 F 90 1 1 0 749.9188
e006 69 G 180 1 1 0 1457.6442
e006 70 G 180 0 1 1 857.0623
e006 71 G 0 1 1 0 1191.1293
e006 72 F 30 0 0 0 557.0445
e006 73 F 120 0 0 0 452.695
e006 74 R 0 0 0 0 596.3071
e006 75 L 150 0 0 0 758.3531
e006 76 L 0 0 0 0 442.5699
e006 77 F 150 0 0 0 586.4779
e006 78 L 60 0 0 0 588.8117
e006 79 L 60 1 1 0 767.2763
e006 80 L 90 1 1 0 587.3766
e006 81 R 0 0 0 0 617.6307
e006 82 F 0 0 0 0 538.9537
e006 83 G 60 0 0 0 578.3947
e006 84 R 120 0 0 0 462.9334
e006 85 L 60 0 0 0 411.6903
e006 86 F 180 1 1 0 592.3406
e006 87 F 30 1 1 0 619.5829
e006 88 G 30 0 0 0 588.0923
e006 89 F 180 0 0 0 811.6445
e006 90 G 180 0 0 0 566.3061
e006 91 G 90 0 0 0 401.02
e006 92 L 180 1 1 0 945.3224
e006 93 G 150 0 1 1 644.8241
e006 94 G 90 0 0 0 559.3309
e006 95 F 180 0 0 0 647.1554
e006 96 G 60 1 1 0 617.595
e006 97 G 30 1 1 0 446.6478
e006 98 F 30 0 0 0 500.7983
e006 99 R 90 1 1 0 634.429
e006 100 R 120 0 0 0 658.9167
e006 101 L 30 1 1 0 600.813
e006 102 L 0 1 1 0 670.1433
e006 103 L 180 1 0 1 579.0283
e006 104 R 90 0 0 0 656.9698
e006 105 F 60 1 1 0 667.8768
e006 106 R 150 1 1 0 1094.027
e006 107 G 30 1 1 0 710.5822
e006 108 F 30 1 1 0 720.864
e006 109 F 60 0 0 0 576.994
e006 110 G 90 1 1 0 561.4275
e006 111 R 120 1 1 0 735.6471
e006 112 G 120 0 0 0 614.4552
e006 113 F 60 0 0 0 431.3129
e006 114 R 30 0 0 0 547.0718
e006 115 L 90 0 0 0 564.5433
e006 116 R 60 1 1 0 580.6207
e006 117 R 60 0 0 0 613.4891
e006 118 G 120 1 1 0 514.6252
e006 119 L 120 1 1 0 970.6127
e006 120 G 150 0 0 0 717.3049
e006 121 L 150 1 1 0 672.2206
e006 122 G 0 1 1 0 1230.265
e006 123 F 150 1 1 0 534.9644
e006 124 G 60 0 0 0 670.3475
e006 125 G 0 0 0 0 530.8412
e006 126 F 0 0 0 0 361.0152
e006 127 F 90 1 1 0 610.6203
e006 128 G 90 1 1 0 575.7863
e006 129 R 150 0 0 0 961.7069
e006 130 F 90 1 1 0 564.3949
e006 131 G 30 1 1 0 716.8545
e006 132 F 30 0 0 0 559.9712
e006 133 G 0 1 1 0 659.9568
e006 134 F 30 1 1 0 392.0085
e006 135 G 30 0 0 0 543.3878
e006 136 R 90 0 0 0 443.9517
e006 137 L 60 1 1 0 484.5197
e006 138 G 60 1 1 0 485.0429
e006 139 F 30 0 0 0 450.8056
e006 140 F 90 0 0 0 401.303
e006 141 L 90 0 0 0 539.2948
e006 142 R 180 1 1 0 894.2296
e006 143 G 120 1 1 0 669.6452
e006 144 L 0 0 0 0 592.3281
e006 145 R 30 1 1 0 555.201
e006 146 L 30 0 0 0 661.0128
e006 147 R 60 1 1 0 522.7558
e006 148 L 60 0 0 0 541.7786
e006 149 G 120 0 0 0 817.2446
e006 150 R 0 1 0 1 448.6953
e006 151 G 90 0 0 0 512.4012
e006 152 L 180 1 1 0 810.1834
e006 153 R 150 1 1 0 864.7655
e006 154 L 90 1 1 0 643.5525
e006 155 F 60 1 1 0 601.4334
e006 156 G 150 1 1 0 783.1467
e006 157 R 90 1 1 0 1006.2838
e006 158 F 0 1 1 0 957.534
e006 159 G 180 0 1 1 1038.5976
e006 160 L 180 0 0 0 1441.3759
e006 161 L 150 0 0 0 719.9356
e006 162 R 30 1 1 0 711.0904
e006 163 L 90 1 1 0 841.4011
e006 164 F 0 0 0 0 695.8764
e006 165 L 120 0 0 0 659.6053
e006 166 R 0 0 0 0 545.4109
e006 167 F 90 1 1 0 663.3022
e006 168 R 30 0 0 0 605.7843
e006 169 F 180 1 1 0 594.68
e006 170 F 30 1 1 0 516.2868
e006 171 L 120 1 1 0 471.8368
e006 172 R 30 0 0 0 597.5564
e006 173 F 60 1 1 0 653.3587
e006 174 R 120 0 0 0 713.9405
e006 175 G 60 1 1 0 581.6287
e006 176 G 30 1 1 0 548.2468
e006 177 G 180 1 1 0 674.8509
e006 178 G 30 0 1 1 418.9829
e006 179 G 90 0 0 0 576.2104
e006 180 G 120 1 1 0 622.4878
e006 181 L 60 1 1 0 1138.1558
e006 182 R 180 0 0 0 931.2368
e006 183 F 150 1 1 0 681.6112
e006 184 F 150 0 0 0 1134.6235
e006 185 G 90 1 1 0 608.0175
e006 186 R 120 1 1 0 744.1907
e006 187 F 0 0 0 0 489.6888
e006 188 G 90 1 1 0 507.9732
e006 189 F 120 1 1 0 575.079
e006 190 F 90 0 0 0 522.874
e006 191 L 120 1 1 0 520.5022
e006 192 R 60 0 0 0 547.9758
e006 193 R 60 1 1 0 497.0252
e006 194 F 180 0 1 1 582.3902
e006 195 F 0 1 1 0 821.3357
e006 196 L 60 0 0 0 557.7597
e006 197 R 180 1 1 0 955.9106
e006 198 R 60 0 0 0 758.7199
e006 199 R 0 0 0 0 460.9455
e006 200 L 30 0 0 0 705.0019
e006 201 F 60 0 0 0 536.2207
e006 202 R 150 0 0 0 694.7872
e006 203 G 180 0 0 0 701.4229
e006 204 L 30 1 1 0 857.4623
e006 205 G 0 1 1 0 643.3091
e006 206 R 120 0 0 0 521.4392
e006 207 R 180 0 0 0 708.3467
e006 208 L 0 0 0 0 537.1183
e006 209 F 120 1 1 0 657.3995
e006 210 G 180 1 1 0 555.4413
e006 211 G 0 0 0 0 643.945
e006 212 F 150 1 1 0 753.9126
e006 213 F 60 0 0 0 636.2107
e006 214 F 180 1 0 1 700.7257
e006 215 L 0 1 0 1 938.8897
e006 216 R 0 1 1 0 1029.7585
e006 217 L 150 1 1 0 968.7326
e006 218 L 150 1 1 0 595.5612
e006 219 G 60 0 0 0 751.2234
e006 220 L 120 0 0 0 609.5752
e006 221 F 120 0 0 0 623.874
e006 222 G 150 0 0 0 613.8814
e006 223 L 90 0 0 0 425.1904
e006 224 G 150 0 0 0 559.1496
e006 225 L 180 1 1 0 679.0243
e006 226 R 90 0 0 0 601.1974
e006 227 F 120 0 0 0 631.6322
e006 228 L 30 1 1 0 569.3053
e006 229 F 180 0 0 0 856.5491
e006 230 G 0 0 0 0 434.1077
e006 231 L 180 0 1 1 601.7159
e006 232 F 150 0 0 0 790.408
e006 233 G 120 0 0 0 511.9757
e006 234 L 0 1 1 0 567.9325
e006 235 L 150 0 0 0 1622.8037
e006 236 R 120 1 1 0 711.3764
e006 237 G 60 0 0 0 631.9571
e006 238 R 150 1 1 0 737.2208
e006 239 G 150 1 1 0 678.3393
e006 240 R 90 1 1 0 727.5165
