F004 40 G 150 0 9997 1 2000.0377
F004 41 R 180 1 1 0 909.5315
F004 42 R 0 0 0 0 644.0961
F004 43 F 30 1 1 0 1931.2203
F004 44 G 90 0 0 0 1313.9466
F004 45 L 0 0 1 1 1668.723
F004 46 F 90 0 1 1 912.6995
F004 47 L 30 1 1 0 767.6462
F004 48 G 150 1 0 1 645.5686
F004 49 L 180 1 1 0 476.6218
F004 50 L 60 0 1 1 560.5489
F004 51 G 0 0 0 0 320.8349
F004 52 R 150 0 1 1 526.9728
F004 53 G 120 0 0 0 653.632
F004 54 F 30 0 0 0 1140.4033
F004 55 F 60 1 1 0 609.7457
F004 56 G 30 1 1 0 822.4797
F004 57 R 150 0 0 0 1345.1137
F004 58 L 90 1 1 0 1974.2844
F004 59 G 90 1 0 1 625.7675
F004 60 F 90 1 0 1 1112.1545
F004 61 F 150 1 1 0 487.8288
F004 62 F 120 1 1 0 837.7243
F004 63 F 0 0 0 0 456.6485
F004 64 F 120 1 9997 1 2000.0335
F004 65 G 180 1 1 0 1376.2772
F004 66 L 150 1 0 1 348.6192
F004 67 L 0 1 1 0 466.4621
F004 68 L 180 1 1 0 418.1291
F004 69 F 60 0 0 0 597.5466
F004 70 F 60 1 0 1 683.3165
F004 71 G 180 0 1 1 609.3132
F004 72 R 60 1 1 0 568.3091
F004 73 G 60 0 0 0 805.0367
F004 74 F 180 0 9997 1 2000.0413
F004 75 R 180 0 0 0 868.9395
F004 76 F 120 0 1 1 950.216
F004 77 R 120 0 1 1 683.8551
F004 78 G 90 0 0 0 834.2432
F004 79 R 30 0 1 1 531.6483
F004 80 R 120 1 0 1 835.1874
F004 81 R 60 0 0 0 615.5933
F004 82 R 30 1 0 1 489.9788
F004 83 L 60 1 1 0 1905.3578
F004 84 F 180 0 1 1 832.5025
F004 85 G 120 0 0 0 763.7432
F004 86 R 180 0 1 1 770.8399
F004 87 F 0 1 0 1 764.2181
F004 88 L 30 1 1 0 376.0671
F004 89 F 150 0 1 1 615.9909
F004 90 R 30 1 1 0 558.5509
F004 91 R 90 0 1 1 572.537
F004 92 G 0 1 1 0 614.4876
F004 93 R 150 1 0 1 263.2441
F004 94 R 90 1 0 1 396.7948
F004 95 R 0 1 0 1 419.6776
F004 96 L 60 1 1 0 377.8519
F004 97 R 90 0 0 0 1284.9572
F004 98 L 150 0 0 0 1470.1517
F004 99 F 60 0 1 1 890.2746
F004 100 F 90 0 9997 1 2000.0386
F004 101 R 90 1 0 1 877.3554
F004 102 R 0 1 0 1 590.2865
F004 103 R 180 1 0 1 577.2669
F004 104 F 0 0 1 1 889.9436
F004 105 L 150 0 1 1 690.1911
F004 106 G 30 0 0 0 542.4851
F004 107 G 90 1 1 0 559.6996
F004 108 R 120 0 1 1 570.4035
F004 109 L 120 0 0 0 463.6089
F004 110 F 150 1 1 0 608.3251
F004 111 R 150 1 1 0 789.0296
F004 112 R 0 0 1 1 785.9161
F004 113 G 180 1 0 1 582.9886
F004 114 F 150 0 1 1 625.7346
F004 115 L 180 0 1 1 579.4683
F004 116 G 0 1 0 1 517.7759
F004 117 L 0 0 1 1 374.7242
F004 118 L 150 1 1 0 407.9823
F004 119 L 120 0 1 1 469.2524
F004 120 L 0 1 1 0 522.4005
F004 121 G 60 0 0 0 510.214
F004 122 L 30 0 1 1 525.3989
F004 123 F 120 0 1 1 497.7074
F004 124 G 30 1 0 1 575.6832
F004 125 F 30 1 0 1 517.6859
F004 126 G 150 1 1 0 401.3144
F004 127 L 90 0 1 1 577.9003
F004 128 L 90 0 1 1 477.4157
F004 129 L 180 0 0 0 890.0017
F004 130 G 150 0 1 1 543.9619
F004 131 R 60 1 0 1 752.0135
F004 132 G 60 1 1 0 830.0851
F004 133 G 180 0 0 0 565.9068
F004 134 G 120 1 0 1 402.4025
F004 135 F 180 1 1 0 497.4297
F004 136 F 90 1 1 0 489.353
F004 137 F 30 0 0 0 456.536
F004 138 L 120 1 1 0 476.2077
F004 139 L 30 0 0 0 592.7276
F004 140 R 120 1 0 1 972.3616
F004 141 G 30 0 0 0 408.8246
F004 142 F 180 1 1 0 675.2375
F004 143 L 120 1 1 0 942.7047
F004 144 R 60 0 0 0 485.966
F004 145 G 0 0 1 1 1216.0124
F004 146 L 60 0 0 0 517.6236
F004 147 G 60 1 1 0 639.3081
F004 148 L 90 1 1 0 650.9774
F004 149 F 0 1 0 1 582.7894
F004 150 R 30 0 1 1 631.7091
F004 151 G 120 1 0 1 761.0763
F004 152 R 120 0 1 1 773.1474
F004 153 L 60 1 0 1 784.422
F004 154 L 0 1 1 0 1292.5958
F004 155 R 30 0 1 1 826.7663
F004 156 R 0 0 0 0 994.9639
F004 157 R 150 0 1 1 890.4193
F004 158 R 180 1 0 1 1467.001
F004 159 L 60 0 0 0 817.7246
F004 160 F 120 0 0 0 543.2573
F004 161 L 30 0 1 1 328.8208
F004 162 G 180 0 0 0 316.7972
F004 163 F 30 0 0 0 631.7239
F004 164 R 120 1 1 0 771.4721
F004 165 R 120 1 1 0 1503.4143
F004 166 F 150 1 1 0 1269.1459
F004 167 G 0 0 0 0 955.1672
F004 168 R 120 0 0 0 1037.695
F004 169 G 150 1 0 1 921.5453
F004 170 G 120 0 1 1 874.8768
F004 171 G 180 0 1 1 624.2603
F004 172 F 0 0 0 0 697.6035
F004 173 L 60 0 0 0 537.6231
F004 174 L 90 0 0 0 470.2972
F004 175 F 60 1 1 0 1249.9829
F004 176 F 90 1 1 0 1140.2432
F004 177 R 0 0 0 0 875.0081
F004 178 G 60 1 0 1 1076.4614
F004 179 G 0 0 0 0 1031.016
F004 180 R 150 1 1 0 1391.0268
F004 181 F 150 0 9997 1 2000.0159
F004 182 R 0 1 1 0 682.7287
F004 183 L 150 0 0 0 623.6991
F004 184 L 90 0 0 0 721.2375
F004 185 L 30 1 0 1 669.558
F004 186 G 0 1 1 0 744.0021
F004 187 F 150 0 0 0 955.3287
F004 188 F 90 0 0 0 890.1567
F004 189 F 30 1 0 1 429.5554
F004 190 L 60 1 1 0 470.0494
F004 191 F 120 0 0 0 982.8408
F004 192 R 150 0 0 0 611.3981
F004 193 R 60 1 1 0 976.1299
F004 194 F 180 0 0 0 662.9776
F004 195 L 180 0 1 1 780.4592
F004 196 L 120 1 1 0 1007.516
F004 197 F 60 0 0 0 596.2409
F004 198 L 0 0 0 0 509.4173
F004 199 L 150 0 1 1 765.2026
F004 200 G 30 0 0 0 552.2188
F004 201 L 180 0 1 1 944.5969
F004 202 G 180 1 1 0 697.9694
F004 203 R 30 1 1 0 925.0078
F004 204 G 120 0 1 1 599.2781
F004 205 R 90 0 0 0 859.3461
F004 206 R 30 1 1 0 662.4306
F004 207 G 120 1 1 0 938.5483
F004 208 L 180 1 1 0 894.024
F004 209 G 30 0 1 1 923.3911
F004 210 F 120 1 0 1 869.5616
F004 211 F 90 0 0 0 675.2353
F004 212 F 60 0 0 0 684.4144
F004 213 L 90 1 1 0 544.7854
F004 214 F 30 0 0 0 617.6634
F004 215 G 0 1 0 1 676.0303
F004 216 R 60 0 1 1 342.3024
F004 217 G 30 1 0 1 607.8027
F004 218 L 120 0 1 1 400.9649
F004 219 R 180 0 1 1 609.349
F004 220 L 150 1 1 0 1107.6212
F004 221 G 90 0 0 0 816.8493
F004 222 R 90 1 1 0 634.184
F004 223 F 120 1 0 1 459.9624
F004 224 R 90 0 0 0 544.1627
F004 225 G 90 1 1 0 648.9062
F004 226 G 90 1 0 1 436.0917
F004 227 R 180 1 1 0 1050.2609
F004 228 F 150 1 1 0 673.6591
F004 229 R 30 0 0 0 682.4186
F004 230 G 30 1 9997 1 2000.0399
F004 231 F 180 1 1 0 1691.3876
F004 232 R 60 1 1 0 1230.1753
F004 233 R 0 1 1 0 848.0866
F004 234 L 120 0 0 0 940.3843
F004 235 R 180 0 1 1 1017.2921
F004 236 F 0 1 0 1 852.1036
F004 237 G 60 0 0 0 771.2964
F004 238 F 0 0 0 0 684.1504
F004 239 G 60 0 0 0 952.2909
F004 240 F 180 1 0 1 988.4147
F004 241 L 30 0 0 0 819.3851
F004 242 L 0 1 1 0 1700.4575
F004 243 G 120 1 0 1 946.7374
F004 244 F 0 1 1 0 582.2447
F004 245 L 120 1 0 1 879.5749
F004 246 L 150 1 0 1 648.8554
F004 247 G 180 1 1 0 745.4171
F004 248 G 150 1 0 1 1245.4019
F004 249 R 60 0 0 0 722.0429
F004 250 F 60 1 1 0 776.5174
F004 251 G 150 0 0 0 854.9397
F004 252 G 150 0 0 0 888.9719
F004 253 R 90 1 1 0 951.0396
F004 254 L 30 1 0 1 860.439
F004 255 L 90 1 0 1 795.6098
F004 256 F 180 0 1 1 669.7172
F004 257 G 90 0 0 0 752.4842
F004 258 F 30 1 0 1 607.6493
F004 259 L 0 0 0 0 569.9213
F004 260 R 150 1 1 0 846.6045
F004 261 F 90 1 1 0 781.2038
F004 262 G 60 1 0 1 570.3434
F004 263 L 180 1 0 1 518.039
