D007 90 F 150 1 9997 1 2000.0379
D007 91 G 150 0 9997 1 2000.0379
D007 92 G 120 1 1 0 1129.1352
D007 93 L 60 0 0 0 883.5971
D007 94 R 0 0 1 1 807.3699
D007 95 R 0 0 0 0 887.3969
D007 96 G 150 1 1 0 1160.3587
D007 97 R 120 0 0 0 1297.4227
D007 98 L 0 0 0 0 693.1678
D007 99 L 0 1 1 0 779.9755
D007 100 G 0 1 1 0 936.472
D007 101 G 0 0 0 0 796.6386
D007 102 L 30 0 0 0 719.3186
D007 103 F 120 0 1 1 1300.7116
D007 104 R 90 1 1 0 934.3004
D007 105 L 0 1 1 0 818.3792
D007 106 F 180 1 1 0 766.3793
D007 107 G 120 0 0 0 810.5404
D007 108 G 30 0 0 0 719.3818
D007 109 G 180 1 1 0 631.3328
D007 110 R 150 0 0 0 1357.2955
D007 111 L 120 1 1 0 757.3773
D007 112 F 60 1 1 0 755.9978
D007 113 G 30 1 1 0 1114.0758
D007 114 G 150 0 0 0 929.3478
D007 115 L 150 0 1 1 994.1629
D007 116 L 120 0 0 0 788.5732
D007 117 R 30 0 0 0 991.7253
D007 118 F 150 0 1 1 812.4529
D007 119 L 180 1 1 0 881.9065
D007 120 F 30 0 0 0 464.9001
D007 121 L 30 0 0 0 675.0983
D007 122 G 90 0 0 0 759.8023
D007 123 L 0 0 0 0 618.8974
D007 124 L 150 0 1 1 667.3921
D007 125 F 120 1 1 0 754.559
D007 126 R 60 0 0 0 662.7561
D007 127 R 30 1 1 0 759.5694
D007 128 F 0 0 0 0 503.7248
D007 129 F 90 1 1 0 616.5032
D007 130 F 150 0 0 0 674.6355
D007 131 L 60 1 1 0 779.1376
D007 132 G 60 0 0 0 897.9924
D007 133 L 90 1 1 0 649.1354
D007 134 G 150 1 1 0 655.2133
D007 135 F 180 0 1 1 516.7074
D007 136 F 0 1 1 0 641.7719
D007 137 F 0 0 0 0 623.8761
D007 138 R 30 0 0 0 964.7011
D007 139 R 60 0 0 0 769.4621
D007 140 G 30 0 0 0 817.0818
D007 141 R 120 1 1 0 692.4555
D007 142 L 150 1 1 0 1147.8128
D007 143 G 60 0 0 0 792.9604
D007 144 R 150 1 1 0 656.8037
D007 145 L 180 0 1 1 780.6696
D007 146 G 180 1 1 0 648.0441
D007 147 G 0 1 1 0 577.3327
D007 148 F 30 0 0 0 704.0626
D007 149 L 30 1 1 0 924.2324
D007 150 F 120 1 0 1 661.4966
D007 151 R 60 1 1 0 957.8343
D007 152 G 90 1 1 0 790.2796
D007 153 G 60 1 1 0 463.3556
D007 154 F 150 1 1 0 451.6119
D007 155 R 150 0 1 1 1067.7092
D007 156 R 150 1 1 0 534.2305
D007 157 L 90 0 1 1 977.2834
D007 158 R 90 0 1 1 777.9895
D007 159 L 120 0 1 1 902.2691
D007 160 R 60 1 1 0 1231.3907
D007 161 G 180 0 1 1 656.3907
D007 162 G 30 1 9997 1 2000.0379
D007 163 F 180 0 0 0 1074.6013
D007 164 L 120 1 9997 1 2000.0387
D007 165 F 60 0 0 0 718.9182
D007 166 R 120 0 0 0 1026.7596
D007 167 G 120 1 1 0 802.5278
D007 168 R 90 0 0 0 725.1715
D007 169 L 150 1 1 0 1146.1821
D007 170 L 180 0 0 0 1428.0764
D007 171 R 90 1 1 0 1175.482
D007 172 F 0 1 1 0 1694.5584
D007 173 G 0 0 0 0 638.6623
D007 174 R 180 0 0 0 1215.6388
D007 175 L 90 0 0 0 616.8791
D007 176 G 90 1 1 0 633.0061
D007 177 F 60 1 1 0 1026.7667
D007 178 L 90 1 9997 1 2000.0387
D007 179 G 120 0 0 0 846.6565
D007 180 F 30 1 1 0 1184.03
D007 181 G 180 0 9997 1 2000.0379
D007 182 R 0 1 0 1 793.7643
D007 183 F 90 1 1 0 1581.333
D007 184 L 30 1 1 0 619.1319
D007 185 F 90 0 0 0 764.0861
D007 186 R 180 1 1 0 535.5926
D007 187 F 90 0 0 0 808.4881
D007 188 R 180 0 1 1 607.4364
D007 189 G 60 1 1 0 689.2227
D007 190 R 0 1 1 0 1246.9642
D007 191 L 60 1 1 0 445.4669
D007 192 L 60 0 0 0 701.1669
D007 193 R 180 1 1 0 558.9639
D007 194 R 30 1 1 0 606.556
D007 195 F 30 1 1 0 694.6547
D007 196 F 60 0 0 0 654.5256
D007 197 R 120 1 1 0 727.6739
D007 198 G 90 0 0 0 906.579
D007 199 F 180 1 1 0 1491.3818
D007 200 F 120 0 0 0 821.9548
D007 201 L 180 1 1 0 646.7704
D007 202 F 0 1 1 0 1222.9549
D007 203 R 60 0 0 0 798.9057
D007 204 G 120 1 1 0 713.1957
D007 205 L 0 1 9997 1 2000.0387
D007 206 F 60 1 1 0 777.5362
D007 207 L 120 0 0 0 1004.7079
D007 208 G 90 0 1 1 723.0292
D007 209 R 30 0 0 0 910.491
D007 210 R 180 1 1 0 1635.8748
D007 211 G 150 1 1 0 1579.3494
D007 212 R 30 1 1 0 1359.9219
D007 213 F 60 0 0 0 811.7786
D007 214 R 90 0 0 0 1163.2006
D007 215 G 180 1 1 0 651.2683
D007 216 F 30 0 0 0 645.5962
D007 217 G 180 1 1 0 596.7035
D007 218 G 60 0 0 0 852.4668
D007 219 G 30 1 1 0 430.8252
D007 220 R 30 1 1 0 887.7901
D007 221 G 60 0 0 0 728.5425
D007 222 R 90 1 1 0 578.8827
D007 223 L 60 1 1 0 645.2424
D007 224 L 0 1 1 0 854.6865
D007 225 F 120 0 0 0 686.2047
D007 226 R 0 1 1 0 704.2624
D007 227 R 60 1 1 0 520.7038
D007 228 L 180 0 1 1 605.2625
D007 229 L 150 1 1 0 620.8431
D007 230 F 90 0 0 0 710.4595
D007 231 L 150 0 1 1 847.8236
D007 232 R 60 0 0 0 542.6055
D007 233 R 150 1 1 0 580.3223
D007 234 R 0 0 0 0 653.5756
D007 235 G 0 1 1 0 1152.1037
D007 236 L 150 1 1 0 530.9834
D007 237 L 60 1 1 0 440.2157
D007 238 F 150 0 1 1 635.784
D007 239 R 150 1 0 1 444.0392
D007 240 R 0 1 1 0 1144.2112
D007 241 L 150 0 1 1 470.1789
D007 242 L 60 0 0 0 685.4766
D007 243 L 120 1 1 0 550.4278
D007 244 L 0 0 1 1 392.3204
D007 245 L 90 1 1 0 494.5696
D007 246 F 0 1 1 0 644.3272
D007 247 F 90 1 1 0 613.0406
D007 248 L 90 1 1 0 680.1836
D007 249 R 120 1 1 0 684.9555
D007 250 L 180 1 1 0 603.1715
D007 251 F 0 0 0 0 575.8908
D007 252 G 120 1 1 0 982.2842
D007 253 G 0 0 0 0 520.0847
D007 254 L 30 0 0 0 623.1457
D007 255 F 90 0 1 1 828.7979
D007 256 L 120 1 1 0 554.8703
D007 257 R 180 1 1 0 574.287
D007 258 F 150 1 1 0 566.2981
D007 259 F 180 0 1 1 477.6901
D007 260 R 90 1 1 0 660.1471
D007 261 R 150 0 1 1 742.2129
D007 262 R 120 1 1 0 546.7417
D007 263 F 60 0 0 0 577.7828
D007 264 G 60 1 1 0 517.9361
D007 265 G 0 1 1 0 515.0065
D007 266 R 0 0 0 0 620.5525
D007 267 F 120 1 1 0 536.4952
D007 268 R 60 1 1 0 531.3783
D007 269 F 30 1 1 0 577.2671
D007 270 R 150 0 1 1 639.1408
D007 271 L 90 0 1 1 401.241
D007 272 F 180 1 1 0 709.7899
D007 273 G 150 0 1 1 1105.1109
D007 274 G 90 1 1 0 562.3601
D007 275 L 30 0 1 1 373.6278
D007 276 G 0 0 0 0 591.2384
D007 277 G 90 1 1 0 764.5339
D007 278 R 30 0 0 0 603.4677
D007 279 L 180 0 1 1 603.1336
D007 280 F 150 0 0 0 932.2647
D007 281 G 60 1 1 0 688.4852
D007 282 L 120 0 0 0 889.5566
D007 283 L 90 0 1 1 1367.5104
D007 284 L 30 1 1 0 556.7923
D007 285 L 0 0 0 0 524.6813
D007 286 F 120 0 1 1 573.893
D007 287 F 0 0 0 0 552.4848
D007 288 F 180 1 1 0 898.7236
D007 289 G 180 0 1 1 576.074
D007 290 G 30 0 1 1 518.0774
D007 291 G 30 1 0 1 579.5926
D007 292 G 150 0 0 0 1047.7256
D007 293 R 90 0 0 0 969.6546
D007 294 F 60 1 1 0 637.7653
D007 295 F 180 0 1 1 622.9609
D007 296 G 90 0 0 0 1425.3537
D007 297 F 30 0 0 0 738.5544
D007 298 G 180 0 1 1 587.7221
D007 299 F 90 1 1 0 583.4935
D007 300 L 60 0 0 0 639.9684
D007 301 L 180 1 1 0 590.0965
D007 302 L 30 1 1 0 1192.33
D007 303 G 120 0 0 0 993.5312
D007 304 R 180 0 1 1 1034.7753
D007 305 R 180 0 0 0 1027.753
D007 306 G 120 0 0 0 711.5398
D007 307 F 30 1 1 0 1040.5121
D007 308 F 120 1 1 0 650.1793
D007 309 R 120 0 0 0 981.8254
D007 310 G 150 1 1 0 593.1225
D007 311 R 120 0 0 0 764.4628
D007 312 G 30 0 0 0 691.6027
D007 313 F 150 1 1 0 898.2727
