H004 18 G 120 0 0 0 950.2481
H004 19 L 0 0 0 0 703.3408
H004 20 L 0 1 1 0 745.5411
H004 21 F 30 1 1 0 712.6098
H004 22 F 30 1 1 0 1172.3979
H004 23 G 120 1 1 0 931.4069
H004 24 R 30 0 0 0 581.0459
H004 25 G 60 1 1 0 823.4516
H004 26 R 150 0 0 0 728.8172
H004 27 L 0 0 0 0 608.9835
H004 28 L 0 1 1 0 627.965
H004 29 F 0 1 1 0 737.242
H004 30 F 30 0 0 0 479.8898
H004 31 G 150 0 0 0 616.0004
H004 32 R 60 1 1 0 608.7005
H004 33 R 90 1 1 0 646.7319
H004 34 R 90 0 0 0 606.0253
H004 35 L 60 0 1 1 670.9501
H004 36 L 180 1 0 1 600.7032
H004 37 G 60 1 1 0 1154.4663
H004 38 R 30 1 1 0 727.4243
H004 39 L 180 1 1 0 807.7954
H004 40 L 150 1 1 0 511.5105
H004 41 F 60 1 1 0 1482.851
H004 42 R 120 1 1 0 836.0395
H004 43 G 60 0 0 0 594.8946
H004 44 G 0 1 1 0 860.6868
H004 45 L 60 1 1 0 835.2176
H004 46 L 30 1 1 0 995.3237
H004 47 F 60 0 0 0 510.6185
H004 48 G 0 1 1 0 619.7492
H004 49 L 90 1 1 0 700.9324
H004 50 L 180 0 1 1 576.4316
H004 51 F 60 1 1 0 1320.1231
H004 52 G 150 1 1 0 723.9389
H004 53 R 90 1 1 0 1215.7964
H004 54 R 150 1 1 0 456.551
H004 55 R 30 1 1 0 999.7983
H004 56 L 60 0 0 0 523.9057
H004 57 R 180 0 1 1 910.0668
H004 58 L 90 0 0 0 606.5466
H004 59 R 120 1 1 0 709.9103
H004 60 L 120 1 1 0 956.2394
H004 61 G 180 0 1 1 622.1668
H004 62 G 120 1 1 0 1677.2878
H004 63 F 120 0 0 0 539.416
H004 64 G 0 0 0 0 741.0107
H004 65 F 60 0 0 0 495.7348
H004 66 L 120 1 1 0 996.6563
H004 67 G 90 0 0 0 796.349
H004 68 F 120 1 1 0 766.3256
H004 69 L 180 0 0 0 911.5913
H004 70 G 150 0 0 0 557.0666
H004 71 R 180 0 0 0 562.0572
H004 72 R 0 1 1 0 672.8475
H004 73 G 30 1 1 0 686.9764
H004 74 R 0 1 1 0 592.8605
H004 75 R 90 0 0 0 529.3081
H004 76 R 180 1 1 0 877.7208
H004 77 L 30 1 1 0 945.4802
H004 78 G 30 0 0 0 624.6556
H004 79 R 120 0 0 0 675.0168
H004 80 R 60 0 0 0 554.4414
H004 81 L 150 1 1 0 1570.81
H004 82 F 150 1 1 0 663.7573
H004 83 F 120 1 1 0 559.5136
H004 84 F 0 0 0 0 402.835
H004 85 G 90 1 0 1 1327.1312
H004 86 R 60 0 0 0 640.7675
H004 87 R 30 0 0 0 880.5214
H004 88 G 180 0 0 0 1064.3263
H004 89 F 180 0 0 0 522.6064
H004 90 R 0 0 0 0 479.1841
H004 91 F 180 0 0 0 595.0192
H004 92 F 0 1 1 0 637.6618
H004 93 L 90 1 1 0 842.3124
H004 94 F 90 0 0 0 581.5558
H004 95 L 90 0 0 0 554.0682
H004 96 F 150 0 0 0 407.1185
H004 97 G 120 0 0 0 388.5659
H004 98 F 90 0 0 0 408.8612
H004 99 F 150 1 1 0 685.8629
H004 100 L 150 0 0 0 931.5217
H004 101 L 60 1 1 0 617.8852
H004 102 G 0 0 0 0 572.6189
H004 103 L 30 0 0 0 386.4877
H004 104 F 90 1 1 0 605.8354
H004 105 R 0 0 0 0 447.4616
H004 106 F 120 0 0 0 671.3473
H004 107 G 90 1 1 0 653.076
H004 108 G 60 0 0 0 399.1792
H004 109 R 60 1 1 0 586.1611
H004 110 F 30 0 0 0 382.7604
H004 111 G 180 1 1 0 856.5041
H004 112 F 180 1 1 0 589.9417
H004 113 G 180 1 1 0 1200.1514
H004 114 R 180 1 1 0 726.6222
H004 115 F 90 1 1 0 608.5698
H004 116 G 30 0 0 0 399.6597
H004 117 L 120 0 0 0 552.0716
H004 118 R 150 1 1 0 796.5353
H004 119 G 30 1 1 0 502.8418
H004 120 L 30 0 0 0 413.3914
H004 121 R 120 0 0 0 500.8634
H004 122 G 90 0 0 0 432.9279
H004 123 G 150 1 1 0 566.5167
H004 124 F 180 1 1 0 1269.9695
H004 125 L 120 0 0 0 542.3569
H004 126 R 150 0 0 0 541.0872
H004 127 F 0 0 0 0 550.4828
H004 128 F 150 0 0 0 766.9385
H004 129 L 150 0 0 0 592.3934
H004 130 R 60 0 0 0 416.6429
H004 131 G 150 0 0 0 493.5323
H004 132 G 30 0 0 0 411.2531
H004 133 G 120 1 1 0 830.6651
H004 134 F 60 0 0 0 432.1262
H004 135 F 120 0 0 0 415.3899
H004 136 R 180 0 0 0 498.9405
H004 137 R 90 0 0 0 434.7525
H004 138 F 30 0 0 0 365.1252
H004 139 R 30 0 0 0 494.8855
H004 140 L 0 0 0 0 473.7996
H004 141 L 60 0 0 0 453.7825
H004 142 F 30 0 0 0 374.3923
H004 143 L 0 0 0 0 484.9317
H004 144 G 60 0 0 0 448.0634
H004 145 L 60 1 1 0 721.5825
H004 146 R 0 1 1 0 500.0926
H004 147 G 120 0 0 0 703.0623
H004 148 L 0 1 1 0 553.3318
H004 149 F 0 1 1 0 511.7374
H004 150 G 30 1 1 0 539.542
H004 151 G 90 0 0 0 591.2874
H004 152 L 90 1 1 0 546.0021
H004 153 F 90 1 1 0 605.796
H004 154 G 0 1 1 0 667.322
H004 155 G 150 1 1 0 584.0589
H004 156 G 90 1 1 0 449.87
H004 157 R 180 0 0 0 840.3979
H004 158 L 120 0 0 0 445.7092
H004 159 L 30 0 0 0 382.94
H004 160 R 0 0 0 0 405.5968
H004 161 R 90 1 1 0 636.5873
H004 162 F 150 1 1 0 447.8695
H004 163 L 180 0 0 0 744.332
H004 164 L 120 1 1 0 979.815
H004 165 R 150 1 1 0 644.2612
H004 166 G 150 1 1 0 514.6953
H004 167 L 90 0 0 0 538.7048
H004 168 L 150 0 0 0 558.5087
H004 169 R 30 1 1 0 531.5279
H004 170 R 150 1 1 0 553.0776
H004 171 L 180 1 1 0 793.5989
H004 172 L 150 1 1 0 416.4663
H004 173 F 90 0 0 0 709.4952
H004 174 G 0 0 0 0 592.8494
H004 175 R 120 1 1 0 758.3623
H004 176 G 30 0 0 0 534.1291
H004 177 G 180 1 1 0 879.9604
H004 178 L 120 0 0 0 581.7002
H004 179 L 0 1 1 0 572.9591
H004 180 R 90 0 0 0 419.5139
H004 181 G 0 1 1 0 566.1717
H004 182 F 180 1 1 0 647.0367
H004 183 R 30 1 1 0 544.1742
H004 184 F 90 0 0 0 426.505
H004 185 L 60 1 1 0 462.7694
H004 186 F 60 0 0 0 452.8173
H004 187 L 150 0 0 0 678.4583
H004 188 G 180 0 0 0 668.4255
H004 189 F 180 0 0 0 445.5351
H004 190 F 0 0 0 0 336.5106
H004 191 F 60 1 1 0 446.0427
H004 192 G 120 0 0 0 499.9898
H004 193 G 90 1 1 0 608.6251
H004 194 L 30 1 1 0 453.0847
H004 195 R 0 0 0 0 435.0025
H004 196 F 150 0 0 0 510.9088
H004 197 R 60 0 0 0 356.6059
H004 198 F 90 1 1 0 417.4497
H004 199 R 150 0 0 0 477.2919
H004 200 L 30 0 0 0 356.8082
H004 201 G 30 1 1 0 511.6849
H004 202 R 90 1 1 0 540.1944
H004 203 L 90 0 0 0 553.9277
H004 204 L 120 1 0 1 418.1453
H004 205 R 60 1 1 0 457.8493
H004 206 F 150 1 1 0 623.6346
H004 207 F 60 1 1 0 398.9535
H004 208 F 30 1 1 0 368.5589
H004 209 R 180 1 1 0 995.533
H004 210 G 120 1 1 0 557.8564
H004 211 F 30 1 1 0 400.3528
H004 212 F 180 0 0 0 688.637
H004 213 G 180 0 0 0 1210.7226
H004 214 F 180 1 1 0 685.2776
H004 215 F 120 0 0 0 486.2104
H004 216 R 30 0 0 0 488.9233
H004 217 R 120 1 1 0 746.5318
H004 218 L 30 1 1 0 821.2745
H004 219 G 150 0 0 0 579.746
H004 220 F 120 1 1 0 889.0054
H004 221 G 90 0 0 0 443.0901
H004 222 L 150 1 1 0 649.5281
H004 223 G 60 0 0 0 441.8472
H004 224 L 180 0 1 1 622.1226
H004 225 L 180 1 1 0 668.7297
H004 226 G 60 1 1 0 811.3202
H004 227 L 60 0 0 0 445.4074
H004 228 R 120 0 0 0 547.4891
H004 229 F 120 1 1 0 577.9578
H004 230 R 120 0 0 0 456.7494
H004 231 L 90 1 1 0 456.4692
H004 232 F 0 0 0 0 427.7773
H004 233 R 150 0 0 0 416.9013
H004 234 G 0 0 0 0 392.0487
H004 235 R 0 1 1 0 450.7372
H004 236 G 60 1 1 0 603.2149
H004 237 R 180 1 1 0 810.6871
H004 238 F 0 1 1 0 563.6948
H004 239 R 60 1 1 0 510.6607
H004 240 G 180 1 1 0 922.5393
H004 241 F 150 0 0 0 509.8623
