E007 22 R 150 1 9997 1 2000.0422
E007 23 L 150 0 0 0 1294.5682
E007 24 G 90 0 0 0 728.4267
E007 25 L 150 1 1 0 785.0414
E007 26 G 0 0 0 0 607.6479
E007 27 G 90 1 1 0 910.3512
E007 28 G 150 0 0 0 915.7577
E007 29 L 60 0 0 0 965.3883
E007 30 R 0 1 1 0 765.5867
E007 31 G 150 1 1 0 1350.7731
E007 32 F 180 0 0 0 949.9557
E007 33 G 30 1 1 0 1202.9652
E007 34 G 60 0 0 0 745.7752
E007 35 R 30 1 1 0 1193.8084
E007 36 F 60 0 0 0 697.4423
E007 37 R 180 1 1 0 1006.5894
E007 38 R 120 0 0 0 599.9064
E007 39 L 60 1 1 0 622.1
E007 40 R 30 1 1 0 803.0878
E007 41 F 150 1 1 0 983.4859
E007 42 L 180 0 0 0 1012.0024
E007 43 R 60 1 1 0 636.4608
E007 44 F 60 0 0 0 604.2966
E007 45 G 120 0 0 0 635.0179
E007 46 L 30 1 1 0 702.2043
E007 47 G 90 1 1 0 1160.3522
E007 48 L 0 0 0 0 551.5936
E007 49 R 120 1 1 0 567.5199
E007 50 R 90 1 1 0 550.9672
E007 51 L 30 0 0 0 444.8135
E007 52 R 150 1 1 0 646.0952
E007 53 F 180 1 1 0 812.2608
E007 54 L 0 1 1 0 773.6196
E007 55 L 30 1 1 0 491.7681
E007 56 G 120 1 1 0 642.7554
E007 57 F 30 1 1 0 534.9811
E007 58 F 90 1 1 0 523.9448
E007 59 G 30 0 0 0 610.9852
E007 60 F 90 1 1 0 463.8981
E007 61 R 30 0 0 0 626.2508
E007 62 F 60 1 1 0 448.6707
E007 63 F 120 0 0 0 423.9497
E007 64 G 150 1 1 0 454.0708
E007 65 L 60 0 0 0 597.5237
E007 66 L 60 1 1 0 522.5186
E007 67 G 120 1 1 0 520.8802
E007 68 F 0 0 0 0 547.105
E007 69 F 90 0 0 0 496.0672
E007 70 F 150 0 0 0 487.9489
E007 71 L 120 1 1 0 510.3065
E007 72 R 150 0 0 0 579.1703
E007 73 F 60 1 1 0 613.6224
E007 74 G 180 1 1 0 1056.5374
E007 75 F 0 1 1 0 797.3125
E007 76 F 30 1 1 0 430.3689
E007 77 R 180 1 1 0 778.0746
E007 78 F 120 0 0 0 540.436
E007 79 L 90 0 0 0 1022.7755
E007 80 G 0 0 0 0 577.0759
E007 81 R 0 0 0 0 446.8844
E007 82 R 60 1 1 0 530.6415
E007 83 G 60 1 1 0 670.4542
E007 84 L 90 0 0 0 453.8166
E007 85 L 180 0 0 0 780.7107
E007 86 G 120 0 0 0 647.4951
E007 87 L 90 1 1 0 614.5767
E007 88 G 150 0 0 0 736.1762
E007 89 R 60 0 0 0 565.3663
E007 90 R 30 0 0 0 421.4603
E007 91 R 180 0 0 0 660.5937
E007 92 L 120 1 1 0 618.8583
E007 93 F 0 1 1 0 559.242
E007 94 F 30 0 0 0 595.3776
E007 95 F 0 0 0 0 372.4278
E007 96 R 120 1 1 0 544.4868
E007 97 F 150 0 0 0 483.9506
E007 98 F 30 0 0 0 433.8783
E007 99 L 120 0 0 0 496.2656
E007 100 F 120 1 1 0 531.9455
E007 101 R 120 0 0 0 424.022
E007 102 L 150 0 0 0 625.8117
E007 103 G 0 1 1 0 893.7278
E007 104 F 180 0 0 0 527.7713
E007 105 G 30 1 1 0 576.6912
E007 106 G 60 0 0 0 424.038
E007 107 F 90 0 0 0 655.6113
E007 108 G 30 0 0 0 438.213
E007 109 G 180 0 0 0 791.6487
E007 110 R 90 0 0 0 423.6181
E007 111 L 0 1 1 0 739.9494
E007 112 L 90 1 1 0 608.4053
E007 113 L 180 1 1 0 953.969
E007 114 F 150 1 1 0 684.7627
E007 115 L 120 0 0 0 781.7164
E007 116 G 180 0 0 0 921.0391
E007 117 F 120 1 1 0 537.0303
E007 118 L 30 0 0 0 413.7526
E007 119 L 150 1 1 0 702.3066
E007 120 R 90 1 1 0 589.8864
E007 121 R 150 0 0 0 650.3734
E007 122 L 0 0 0 0 479.2226
E007 123 G 180 1 1 0 549.3514
E007 124 R 90 0 0 0 482.392
E007 125 R 180 0 0 0 708.3372
E007 126 R 0 1 1 0 535.8413
E007 127 F 180 1 1 0 822.3763
E007 128 G 0 1 1 0 969.8353
E007 129 L 180 1 1 0 562.5109
E007 130 G 90 0 1 1 429.3146
E007 131 G 60 1 1 0 706.7879
E007 132 R 60 0 0 0 477.7208
E007 133 R 0 0 0 0 370.3714
E007 134 F 90 0 0 0 785.6906
E007 135 F 30 0 0 0 454.7835
E007 136 L 150 0 0 0 619.7165
E007 137 G 150 0 0 0 543.2892
E007 138 L 120 0 0 0 411.5272
E007 139 F 0 1 1 0 582.4154
E007 140 F 90 1 1 0 504.553
E007 141 R 90 0 0 0 653.8758
E007 142 R 60 0 0 0 401.6837
E007 143 F 120 0 0 0 435.8208
E007 144 G 0 1 1 0 484.5786
E007 145 L 90 0 0 0 387.799
E007 146 G 180 1 1 0 1029.9424
E007 147 G 90 0 0 0 656.082
E007 148 G 120 0 0 0 367.3657
E007 149 R 30 1 1 0 485.8942
E007 150 L 150 0 0 0 473.375
E007 151 R 150 0 0 0 418.0632
E007 152 G 60 0 0 0 464.6236
E007 153 G 90 1 0 1 422.155
E007 154 G 0 0 0 0 493.339
E007 155 G 30 1 1 0 478.9743
E007 156 R 150 1 1 0 793.3452
E007 157 L 180 0 0 0 986.6955
E007 158 F 0 1 1 0 524.1348
E007 159 F 90 1 1 0 660.6242
E007 160 F 90 0 0 0 566.5245
E007 161 R 150 1 1 0 475.749
E007 162 F 60 1 1 0 408.9732
E007 163 L 150 1 1 0 501.4456
E007 164 F 150 0 0 0 464.4227
E007 165 R 120 0 0 0 453.095
E007 166 F 30 0 0 0 380.8842
E007 167 R 30 0 0 0 522.4329
E007 168 L 0 0 0 0 629.7705
E007 169 G 90 0 0 0 497.1386
E007 170 F 150 1 1 0 529.1768
E007 171 R 180 1 1 0 549.2156
E007 172 G 0 0 0 0 526.6493
E007 173 L 30 1 1 0 537.9337
E007 174 R 120 0 0 0 545.3551
E007 175 L 120 0 0 0 505.9123
E007 176 R 90 1 1 0 457.9244
E007 177 F 60 0 0 0 569.7171
E007 178 L 60 1 1 0 474.0248
E007 179 L 60 1 1 0 610.4754
E007 180 L 60 0 0 0 462.5342
E007 181 R 120 1 1 0 448.9585
E007 182 F 180 0 0 0 591.136
E007 183 L 150 1 1 0 613.9311
E007 184 G 30 1 1 0 560.5545
E007 185 F 0 0 0 0 449.1912
E007 186 L 30 0 0 0 437.9766
E007 187 L 0 1 1 0 456.5097
E007 188 F 150 0 0 0 417.3773
E007 189 R 180 1 1 0 464.0718
E007 190 L 90 0 0 0 443.6321
E007 191 L 180 0 0 0 717.1755
E007 192 L 0 0 0 0 401.0381
E007 193 L 180 1 1 0 561.4624
E007 194 G 180 1 1 0 793.1888
E007 195 L 30 1 1 0 616.2331
E007 196 F 60 0 0 0 409.7529
E007 197 L 120 1 1 0 420.188
E007 198 F 120 0 0 0 504.9586
E007 199 L 180 1 1 0 708.8652
E007 200 G 30 0 0 0 407.5202
E007 201 G 120 1 1 0 508.5884
E007 202 R 90 1 1 0 544.4379
E007 203 G 60 1 1 0 472.4818
E007 204 R 30 0 0 0 510.0629
E007 205 F 180 1 1 0 471.3233
E007 206 F 120 1 1 0 617.9269
E007 207 G 120 0 0 0 534.2489
E007 208 G 60 0 0 0 367.7174
E007 209 R 0 0 0 0 484.1018
E007 210 F 60 1 1 0 469.5315
E007 211 R 60 0 0 0 472.7112
E007 212 R 180 0 1 1 461.9495
E007 213 G 180 0 0 0 989.2349
E007 214 R 150 0 0 0 411.4353
E007 215 G 180 0 0 0 533.8215
E007 216 L 90 1 1 0 531.8056
E007 217 L 120 1 1 0 384.7268
E007 218 L 30 0 0 0 471.9234
E007 219 G 30 0 0 0 457.3657
E007 220 L 0 1 1 0 544.5586
E007 221 F 180 0 1 1 419.1066
E007 222 R 180 0 0 0 457.8529
E007 223 R 60 1 1 0 516.7472
E007 224 G 0 1 1 0 697.2165
E007 225 R 0 1 1 0 470.6045
E007 226 G 150 0 0 0 573.281
E007 227 F 180 1 1 0 427.1311
E007 228 F 0 0 1 1 470.2332
E007 229 G 150 1 1 0 731.6503
E007 230 R 0 1 1 0 537.4203
E007 231 R 60 1 1 0 408.2404
E007 232 L 60 0 0 0 462.5141
E007 233 F 30 1 1 0 762.9665
E007 234 G 150 1 1 0 844.5255
E007 235 G 120 1 1 0 471.7063
E007 236 F 30 1 1 0 528.2574
E007 237 R 0 0 0 0 501.0411
E007 238 G 90 1 1 0 513.1865
E007 239 F 120 1 1 0 511.8882
E007 240 R 90 0 0 0 681.1075
E007 241 F 150 1 1 0 511.0228
E007 242 R 120 1 1 0 481.8205
E007 243 R 30 1 1 0 470.5626
E007 244 G 60 1 1 0 414.23
E007 245 L 90 1 1 0 735.1001
