F001 22 R 60 1 0 1 1982.0511
F001 23 L 0 0 0 0 841.4678
F001 24 L 120 1 1 0 806.2016
F001 25 G 180 0 0 0 1490.7205
F001 26 L 30 1 0 1 1825.1362
F001 27 R 150 0 0 0 1727.7182
F001 28 R 30 1 1 0 921.59
F001 29 G 60 0 0 0 888.1207
F001 30 R 30 1 1 0 931.553
F001 31 F 120 1 1 0 1198.0833
F001 32 F 180 1 9997 1 2000.0397
F001 33 L 0 0 0 0 674.7377
F001 34 G 30 0 0 0 619.705
F001 35 G 0 0 0 0 490.8395
F001 36 G 60 1 1 0 612.7762
F001 37 G 120 0 0 0 852.8366
F001 38 R 90 0 1 1 681.6129
F001 39 F 0 0 0 0 680.5502
F001 40 F 150 0 0 0 1078.7159
F001 41 F 120 0 0 0 622.4786
F001 42 L 150 0 0 0 1002.3302
F001 43 F 0 1 1 0 629.3666
F001 44 F 90 1 1 0 1794.4387
F001 45 G 60 1 1 0 838.6725
F001 46 R 150 1 1 0 1076.1267
F001 47 G 150 1 1 0 1175.7293
F001 48 F 150 1 1 0 1023.7888
F001 49 G 90 1 1 0 927.1296
F001 50 L 30 1 1 0 1582.481
F001 51 R 180 0 0 0 1137.4898
F001 52 G 180 1 0 1 1137.8075
F001 53 R 60 0 0 0 758.6651
F001 54 G 150 0 0 0 1586.2156
F001 55 L 90 0 0 0 653.6638
F001 56 G 150 1 1 0 1582.6964
F001 57 R 0 0 0 0 564.5804
F001 58 L 180 1 9997 1 2000.0405
F001 59 F 60 1 0 1 1173.5804
F001 60 F 90 0 1 1 693.8812
F001 61 G 150 0 0 0 1407.6775
F001 62 R 60 0 9997 1 2000.038
F001 63 R 30 0 9997 1 2000.0394
F001 64 L 60 1 9997 1 2000.0402
F001 65 G 120 1 1 0 1844.0461
F001 66 G 30 1 1 0 1499.4244
F001 67 F 120 0 0 0 802.1293
F001 68 L 60 1 1 0 1358.7906
F001 69 F 30 1 1 0 1381.834
F001 70 R 90 1 1 0 1135.7326
F001 71 F 180 0 1 1 876.0309
F001 72 L 60 0 0 0 759.4295
F001 73 R 60 1 1 0 1117.2981
F001 74 L 30 0 0 0 613.1964
F001 75 R 120 1 1 0 1362.8995
F001 76 R 0 0 0 0 772.8728
F001 77 F 180 1 1 0 1538.7654
F001 78 R 150 1 1 0 1414.061
F001 79 R 90 0 0 0 634.6382
F001 80 G 30 1 1 0 1978.4582
F001 81 G 120 1 1 0 1363.7753
F001 82 R 0 1 0 1 628.2477
F001 83 L 120 0 0 0 1150.2884
F001 84 L 90 1 1 0 878.1851
F001 85 F 0 1 1 0 620.673
F001 86 F 180 0 0 0 1452.8014
F001 87 L 150 0 0 0 1157.8379
F001 88 G 0 1 1 0 820.9786
F001 89 G 180 1 1 0 627.3426
F001 90 L 150 1 1 0 1143.5755
F001 91 F 30 0 0 0 614.1278
F001 92 L 150 1 1 0 1152.6498
F001 93 R 180 1 1 0 915.0892
F001 94 R 150 0 0 0 874.6293
F001 95 F 150 0 0 0 892.3967
F001 96 R 120 0 0 0 662.026
F001 97 L 120 0 0 0 714.9118
F001 98 F 60 0 0 0 578.9219
F001 99 R 30 0 0 0 599.8952
F001 100 R 0 1 1 0 549.3447
F001 101 G 180 0 0 0 1077.3336
F001 102 L 0 1 1 0 835.8378
F001 103 L 180 0 0 0 1103.5
F001 104 L 180 1 1 0 848.2804
F001 105 L 0 1 1 0 1073.8083
F001 106 L 60 0 0 0 752.8242
F001 107 F 120 1 1 0 953.0862
F001 108 R 180 0 0 0 1404.4162
F001 109 R 90 1 1 0 755.6913
F001 110 L 180 0 0 0 1044.7811
F001 111 F 60 0 0 0 621.0376
F001 112 L 90 1 1 0 719.126
F001 113 R 120 1 1 0 825.8441
F001 114 G 120 0 0 0 659.714
F001 115 F 90 0 0 0 882.0764
F001 116 F 90 1 1 0 628.4553
F001 117 G 0 0 0 0 476.4329
F001 118 G 30 0 0 0 430.9056
F001 119 F 60 1 1 0 573.0952
F001 120 F 150 1 1 0 1264.197
F001 121 G 0 1 1 0 760.5428
F001 122 G 90 0 0 0 635.6316
F001 123 F 30 1 1 0 547.0402
F001 124 R 180 1 1 0 1344.2924
F001 125 F 0 0 0 0 649.0247
F001 126 G 60 0 0 0 534.5358
F001 127 L 120 1 1 0 797.4567
F001 128 G 90 0 0 0 659.1246
F001 129 R 120 0 0 0 1450.5715
F001 130 F 30 0 0 0 505.8123
F001 131 L 30 0 0 0 531.0577
F001 132 L 90 0 0 0 537.4733
F001 133 G 90 1 1 0 627.946
F001 134 F 60 1 1 0 667.6991
F001 135 G 180 1 1 0 1381.8932
F001 136 G 120 0 0 0 747.5607
F001 137 G 0 1 1 0 619.8045
F001 138 R 180 0 0 0 1101.3146
F001 139 F 150 1 1 0 908.6733
F001 140 R 120 1 1 0 628.2941
F001 141 L 150 1 1 0 1086.7445
F001 142 F 120 1 1 0 725.0103
F001 143 F 90 1 1 0 586.8793
F001 144 G 90 0 9997 1 2000.04
F001 145 G 120 1 1 0 865.7693
F001 146 L 120 1 1 0 1286.1878
F001 147 R 0 0 0 0 563.4364
F001 148 F 180 1 1 0 1007.0084
F001 149 L 30 1 1 0 938.612
F001 150 G 30 1 1 0 651.9619
F001 151 R 60 0 0 0 547.7556
F001 152 R 30 1 1 0 812.0216
F001 153 L 90 0 0 0 705.4399
F001 154 L 150 0 0 0 1191.9766
F001 155 F 120 0 0 0 592.4326
F001 156 L 0 1 1 0 554.3017
F001 157 G 60 1 1 0 630.9285
F001 158 F 30 1 1 0 609.2442
F001 159 R 90 0 0 0 505.4394
F001 160 R 120 1 1 0 1186.3357
F001 161 F 60 0 0 0 491.1694
F001 162 L 90 1 1 0 617.7006
F001 163 G 180 0 1 1 796.7122
F001 164 F 180 0 1 1 1200.1388
F001 165 R 120 0 0 0 1242.6887
F001 166 F 90 0 0 0 454.2005
F001 167 R 150 1 1 0 854.1396
F001 168 R 90 1 1 0 535.3979
F001 169 G 150 1 1 0 1459.2631
F001 170 R 150 0 0 0 756.2897
F001 171 L 120 0 0 0 685.5877
F001 172 R 60 1 1 0 652.3648
F001 173 F 150 0 0 0 1013.2243
F001 174 R 180 0 0 0 655.252
F001 175 R 0 0 0 0 405.7298
F001 176 G 90 0 0 0 568.9285
F001 177 G 150 0 0 0 442.1316
F001 178 F 0 0 0 0 566.6164
F001 179 F 180 1 1 0 582.9417
F001 180 G 30 0 0 0 500.8086
F001 181 G 30 1 1 0 814.1571
F001 182 F 0 1 1 0 561.62
F001 183 L 180 0 1 1 573.0231
F001 184 L 30 0 0 0 454.5715
F001 185 G 60 0 0 0 589.1196
F001 186 G 180 1 0 1 902.877
F001 187 F 180 0 0 0 963.2853
F001 188 F 30 1 1 0 639.645
F001 189 R 60 1 1 0 750.8963
F001 190 L 60 1 1 0 633.5043
F001 191 L 60 0 0 0 614.9013
F001 192 L 30 1 1 0 620.1009
F001 193 G 0 1 1 0 1051.5429
F001 194 L 60 1 1 0 693.1188
F001 195 G 0 0 0 0 510.2674
F001 196 G 0 0 0 0 424.6104
F001 197 F 120 1 1 0 525.0449
F001 198 F 150 0 1 1 532.5738
F001 199 F 60 0 0 0 501.7043
F001 200 G 150 0 0 0 1287.4986
F001 201 F 30 0 0 0 463.5729
F001 202 R 90 1 1 0 714.7685
F001 203 R 30 1 1 0 677.5057
F001 204 R 0 1 1 0 409.169
F001 205 R 150 0 1 1 404.3598
F001 206 R 90 0 0 0 413.8923
F001 207 L 120 1 1 0 803.9217
F001 208 L 180 1 1 0 1134.7392
F001 209 L 0 0 0 0 488.716
F001 210 G 30 0 0 0 1255.8884
F001 211 L 0 1 1 0 615.7685
F001 212 L 30 0 1 1 973.8844
F001 213 R 150 1 1 0 1078.8111
F001 214 F 90 0 0 0 599.6913
F001 215 G 180 0 0 0 1413.4204
F001 216 L 180 1 1 0 1937.3197
F001 217 L 90 1 1 0 988.3413
F001 218 G 150 1 9997 1 2000.0394
F001 219 G 60 0 0 0 580.1718
F001 220 L 180 0 0 0 1491.8147
F001 221 G 120 1 1 0 665.8039
F001 222 L 90 0 0 0 641.1544
F001 223 L 120 0 0 0 566.9623
F001 224 G 90 1 1 0 962.7975
F001 225 G 90 1 1 0 667.246
F001 226 F 90 1 1 0 1202.1623
F001 227 R 30 0 0 0 695.1107
F001 228 R 30 0 0 0 448.2852
F001 229 R 60 0 0 0 404.3179
F001 230 F 60 1 1 0 668.4676
F001 231 F 30 0 0 0 495.2543
F001 232 R 0 1 1 0 1156.3777
F001 233 F 120 0 0 0 708.0386
F001 234 L 150 1 1 0 1167.9895
F001 235 F 0 0 0 0 451.4367
F001 236 L 60 0 0 0 582.4609
F001 237 G 120 0 0 0 701.0905
F001 238 R 120 0 0 0 577.798
F001 239 R 180 1 1 0 1404.2463
F001 240 F 150 1 1 0 1461.5363
F001 241 R 180 1 9997 1 2000.0408
F001 242 F 0 1 1 0 613.2559
F001 243 L 0 0 0 0 531.6606
F001 244 L 150 0 0 0 664.1366
F001 245 G 60 1 1 0 646.3274
