K009 30 G 120 1 1 0 826.9741
K009 31 L 60 1 0 1 896.4399
K009 32 G 30 0 0 0 660.7946
K009 33 G 90 1 1 0 863.9489
K009 34 F 180 1 1 0 1095.7099
K009 35 R 180 0 0 0 811.3397
K009 36 F 150 0 0 0 924.4803
K009 37 F 60 1 1 0 627.3345
K009 38 L 30 1 0 1 843.353
K009 39 R 120 1 1 0 998.7582
K009 40 R 30 0 0 0 603.6829
K009 41 L 120 0 0 0 626.3559
K009 42 R 90 0 0 0 527.5824
K009 43 R 180 0 0 0 1246.7833
K009 44 L 90 0 0 0 886.9127
K009 45 G 90 0 0 0 671.6032
K009 46 R 120 0 0 0 737.4923
K009 47 G 0 0 0 0 588.2533
K009 48 G 0 1 1 0 604.4732
K009 49 R 30 1 1 0 699.7029
K009 50 F 90 0 0 0 611.9043
K009 51 R 180 1 1 0 1136.8917
K009 52 R 0 1 9997 1 2000.04
K009 53 R 0 0 0 0 593.2723
K009 54 L 30 0 0 0 510.7241
K009 55 L 0 0 0 0 355.9505
K009 56 L 180 1 1 0 1033.8428
K009 57 R 120 0 0 0 740.0969
K009 58 F 60 0 0 0 566.3382
K009 59 L 30 0 0 0 505.8992
K009 60 G 0 0 0 0 458.3393
K009 61 L 120 1 1 0 747.9766
K009 62 F 90 1 1 0 733.4365
K009 63 R 60 1 1 0 672.6525
K009 64 G 180 0 0 0 996.4163
K009 65 F 30 1 1 0 1359.0554
K009 66 L 0 1 1 0 1193.1095
K009 67 F 90 0 0 0 658.4214
K009 68 F 150 1 1 0 976.92
K009 69 F 180 1 1 0 1232.5597
K009 70 L 0 1 1 0 1005.7809
K009 71 L 150 0 0 0 1677.1511
K009 72 R 180 1 1 0 1393.4198
K009 73 R 60 1 1 0 1922.3225
K009 74 G 150 1 1 0 1447.7862
K009 75 F 120 1 1 0 997.7978
K009 76 L 150 1 1 0 932.3934
K009 77 F 0 0 0 0 569.716
K009 78 G 120 0 0 0 586.5377
K009 79 R 90 1 1 0 735.2236
K009 80 L 150 1 1 0 992.9027
K009 81 G 180 1 1 0 1049.4756
K009 82 L 60 1 1 0 855.4621
K009 83 L 150 0 0 0 1333.2566
K009 84 L 90 1 1 0 678.2261
K009 85 R 90 0 0 0 659.8716
K009 86 F 60 0 0 0 611.2419
K009 87 F 120 1 1 0 629.9966
K009 88 R 0 1 1 0 1148.4504
K009 89 R 150 1 1 0 1107.952
K009 90 F 0 1 1 0 740.4684
K009 91 G 0 1 1 0 779.3965
K009 92 G 150 1 1 0 641.5014
K009 93 R 150 1 1 0 688.6437
K009 94 L 0 0 0 0 524.0607
K009 95 R 60 0 9997 1 2000.0394
K009 96 F 0 1 1 0 736.6676
K009 97 L 60 0 0 0 619.8022
K009 98 L 30 1 1 0 1298.5094
K009 99 F 120 0 0 0 617.8023
K009 100 F 30 0 0 0 436.2415
K009 101 G 30 1 1 0 776.6373
K009 102 R 30 0 0 0 549.6009
K009 103 G 180 1 1 0 759.2725
K009 104 R 60 0 0 0 480.3759
K009 105 G 90 1 1 0 805.489
K009 106 R 30 1 1 0 736.93
K009 107 G 180 0 1 1 780.7316
K009 108 G 60 0 0 0 533.6226
K009 109 G 30 0 0 0 543.0752
K009 110 L 90 0 0 0 1148.4619
K009 111 G 150 0 0 0 596.8773
K009 112 G 30 1 1 0 666.3604
K009 113 L 180 1 1 0 1314.0123
K009 114 R 0 0 0 0 571.2874
K009 115 G 90 0 0 0 639.1505
K009 116 F 90 1 1 0 622.0785
K009 117 F 60 1 1 0 529.5461
K009 118 F 30 1 1 0 419.8997
K009 119 F 150 0 0 0 665.5701
K009 120 G 60 1 1 0 1108.8169
K009 121 F 180 0 0 0 1647.7617
K009 122 L 120 1 1 0 796.9083
K009 123 G 150 0 0 0 847.544
K009 124 L 120 0 0 0 561.8731
K009 125 R 90 1 1 0 596.5303
K009 126 F 120 0 0 0 534.6744
K009 127 F 30 0 0 0 638.5965
K009 128 L 180 0 1 1 852.2047
K009 129 G 60 1 1 0 712.6126
K009 130 L 90 1 1 0 746.0881
K009 131 L 60 0 0 0 503.9177
K009 132 F 150 1 1 0 1049.316
K009 133 F 180 0 0 0 988.734
K009 134 R 120 1 1 0 933.3924
K009 135 G 60 0 0 0 572.0808
K009 136 R 150 0 0 0 607.3546
K009 137 F 0 0 0 0 545.699
K009 138 G 120 1 1 0 727.9431
K009 139 G 120 0 0 0 654.8022
K009 140 R 150 0 0 0 599.327
K009 141 L 180 0 0 0 852.1522
K009 142 R 30 1 1 0 617.1536
K009 143 G 30 0 0 0 426.5327
K009 144 F 0 0 0 0 535.3303
K009 145 R 180 0 0 0 940.7754
K009 146 F 150 1 1 0 811.828
K009 147 F 90 1 1 0 830.26
K009 148 F 180 1 1 0 802.2425
K009 149 R 0 1 1 0 617.5818
K009 150 L 120 1 1 0 632.4491
K009 151 F 90 0 0 0 553.4351
K009 152 G 90 0 0 0 516.8174
K009 153 G 120 1 0 1 401.2739
K009 154 F 0 1 1 0 866.3068
K009 155 G 30 1 1 0 713.1297
K009 156 L 150 0 0 0 754.4557
K009 157 G 90 1 1 0 749.9509
K009 158 G 180 0 0 0 1107.5447
K009 159 F 60 0 0 0 521.005
K009 160 L 150 1 1 0 836.3021
K009 161 G 180 0 0 0 1124.0473
K009 162 L 150 1 1 0 821.9947
K009 163 F 60 0 0 0 665.0055
K009 164 G 60 1 1 0 728.3434
K009 165 F 120 0 0 0 503.3765
K009 166 F 0 0 0 0 461.0636
K009 167 L 90 0 0 0 659.0941
K009 168 R 60 0 0 0 587.5649
K009 169 F 120 1 1 0 576.2917
K009 170 L 60 0 0 0 499.3855
K009 171 F 150 1 1 0 894.5159
K009 172 R 60 1 1 0 680.2395
K009 173 G 150 0 0 0 581.9759
K009 174 R 0 1 1 0 610.2379
K009 175 L 90 0 0 0 676.9067
K009 176 G 0 1 1 0 678.5879
K009 177 G 90 1 1 0 781.7418
K009 178 G 120 0 0 0 541.692
K009 179 G 0 1 1 0 639.7763
K009 180 R 90 0 0 0 387.6132
K009 181 R 150 1 1 0 679.6065
K009 182 F 90 0 0 0 473.7926
K009 183 R 120 1 1 0 701.5649
K009 184 R 90 1 1 0 511.9586
K009 185 R 90 0 0 0 528.0188
K009 186 L 120 0 0 0 590.1284
K009 187 G 30 0 0 0 463.0343
K009 188 L 0 1 1 0 956.7196
K009 189 L 30 0 0 0 637.3584
K009 190 R 30 0 0 0 421.845
K009 191 G 150 0 0 0 915.1574
K009 192 G 60 1 1 0 617.4466
K009 193 G 60 0 0 0 410.5863
K009 194 L 60 1 1 0 550.2373
K009 195 G 180 1 1 0 1073.5496
K009 196 G 90 0 0 0 535.8402
K009 197 L 30 1 1 0 681.0374
K009 198 R 120 0 0 0 489.7483
K009 199 F 60 1 1 0 764.2432
K009 200 G 0 0 0 0 447.6136
K009 201 R 120 0 0 0 488.5702
K009 202 L 30 0 0 0 421.4513
K009 203 R 30 0 0 0 509.5614
K009 204 R 30 1 1 0 470.1178
K009 205 L 30 1 0 1 612.3848
K009 206 L 180 1 1 0 1154.8688
K009 207 F 180 0 0 0 756.697
K009 208 R 150 0 0 0 472.8151
K009 209 G 120 0 0 0 512.1833
K009 210 R 150 1 1 0 756.5699
K009 211 L 120 1 1 0 1012.8363
K009 212 R 60 1 1 0 802.2715
K009 213 L 60 1 1 0 715.3691
K009 214 L 150 0 0 0 927.0539
K009 215 F 30 1 1 0 700.943
K009 216 G 150 1 1 0 995.8782
K009 217 L 90 1 1 0 852.1035
K009 218 F 60 1 1 0 1034.2152
K009 219 G 60 0 0 0 595.1611
K009 220 G 120 1 1 0 882.596
K009 221 R 60 0 0 0 508.0562
K009 222 R 150 0 0 0 496.1259
K009 223 F 0 1 1 0 879.7582
K009 224 G 30 1 1 0 757.6491
K009 225 L 180 1 1 0 1045.8771
K009 226 F 150 0 0 0 652.6123
K009 227 F 120 1 1 0 1118.845
K009 228 F 30 0 0 0 444.4677
K009 229 L 90 1 1 0 942.9405
K009 230 R 180 1 1 0 1215.5321
K009 231 F 120 0 0 0 498.9874
K009 232 F 180 0 0 0 587.5875
K009 233 R 180 1 0 1 559.118
K009 234 G 180 1 1 0 996.6683
K009 235 F 180 1 1 0 1061.5441
K009 236 G 0 0 0 0 580.9507
K009 237 R 180 0 1 1 945.3458
K009 238 R 120 1 1 0 878.0521
K009 239 R 90 1 1 0 587.1188
K009 240 L 180 0 0 0 901.5886
K009 241 L 120 0 0 0 807.2029
K009 242 G 150 1 1 0 757.993
K009 243 L 180 0 0 0 726.7158
K009 244 F 30 0 0 0 477.554
K009 245 F 90 1 1 0 574.9756
K009 246 L 0 0 0 0 533.2164
K009 247 F 150 0 0 0 781.691
K009 248 R 0 0 0 0 531.9279
K009 249 L 0 1 1 0 871.5057
K009 250 F 30 1 1 0 671.3814
K009 251 R 0 0 0 0 523.6769
K009 252 L 0 0 0 0 383.8127
K009 253 L 60 0 0 0 564.5407
