A446 17 F 90 0 1 1 972.6714
A446 18 G 60 0 0 0 950.0931
A446 19 G 120 1 1 0 1110.3098
A446 20 L 60 1 1 0 1274.3349
A446 21 G 150 0 0 0 1103.35
A446 22 R 0 0 0 0 731.2815
A446 23 L 90 0 0 0 950.8105
A446 24 L 30 0 0 0 623.705
A446 25 F 60 1 1 0 707.0284
A446 26 R 180 1 1 0 1473.6281
A446 27 F 0 0 0 0 759.5435
A446 28 G 30 1 1 0 810.7472
A446 29 L 150 1 1 0 1276.0988
A446 30 R 60 1 1 0 1597.1622
A446 31 F 0 1 1 0 814.1174
A446 32 F 30 1 1 0 559.8834
A446 33 L 90 1 1 0 853.7163
A446 34 F 60 0 0 0 604.5799
A446 35 F 120 0 0 0 736.3746
A446 36 L 150 0 0 0 1266.649
A446 37 R 180 1 1 0 813.4257
A446 38 R 120 1 1 0 812.0269
A446 39 R 30 1 1 0 695.3169
A446 40 L 90 1 1 0 710.5554
A446 41 G 0 1 1 0 715.4876
A446 42 F 90 1 1 0 738.0678
A446 43 R 150 0 0 0 888.423
A446 44 L 180 1 1 0 1004.2659
A446 45 L 30 0 0 0 797.1427
A446 46 G 120 1 1 0 855.5138
A446 47 G 180 0 0 0 758.8766
A446 48 G 90 0 0 0 702.501
A446 49 L 180 0 0 0 687.1141
A446 50 F 150 0 0 0 625.1571
A446 51 G 150 0 0 0 589.7884
A446 52 L 0 0 0 0 491.7586
A446 53 G 30 1 1 0 772.1845
A446 54 G 180 1 1 0 1569.5165
A446 55 G 30 0 0 0 1021.6687
A446 56 G 150 1 1 0 747.5866
A446 57 G 60 0 0 0 672.7975
A446 58 F 150 1 1 0 817.5802
A446 59 G 60 1 1 0 688.0226
A446 60 R 60 0 0 0 680.9622
A446 61 F 60 1 1 0 894.5545
A446 62 F 120 1 1 0 725.802
A446 63 F 180 0 0 0 757.0772
A446 64 G 60 1 1 0 591.4623
A446 65 F 90 1 1 0 728.1736
A446 66 G 120 0 0 0 583.8952
A446 67 F 0 0 0 0 581.3278
A446 68 L 120 0 0 0 736.2916
A446 69 R 120 1 1 0 615.7601
A446 70 F 30 0 0 0 519.3582
A446 71 R 30 0 0 0 571.1103
A446 72 L 150 0 0 0 724.5899
A446 73 G 0 0 0 0 562.1192
A446 74 L 120 1 1 0 573.3561
A446 75 R 180 0 0 0 602.1299
A446 76 G 90 1 1 0 732.9172
A446 77 R 150 1 1 0 683.2516
A446 78 F 60 0 0 0 475.7487
A446 79 L 0 1 1 0 682.8664
A446 80 F 180 1 1 0 1268.9864
A446 81 F 120 1 1 0 679.4662
A446 82 G 90 0 0 0 585.8496
A446 83 G 30 0 0 0 843.9536
A446 84 R 60 1 1 0 642.0179
A446 85 F 120 0 0 0 772.3582
A446 86 R 150 0 0 0 785.8949
A446 87 L 0 1 1 0 687.3754
A446 88 F 150 1 1 0 689.4371
A446 89 L 0 0 1 1 566.4019
A446 90 F 150 0 0 0 570.4457
A446 91 R 60 0 0 0 560.7813
A446 92 L 120 1 1 0 738.8897
A446 93 L 60 1 1 0 639.2737
A446 94 R 0 0 0 0 554.2341
A446 95 G 180 1 0 1 415.5534
A446 96 R 180 0 0 0 844.44
A446 97 L 60 0 0 0 948.128
A446 98 F 0 1 1 0 768.099
A446 99 R 90 0 0 0 696.2871
A446 100 R 90 1 1 0 850.5388
A446 101 L 180 1 1 0 1220.347
A446 102 L 60 0 0 0 693.4728
A446 103 G 120 0 0 0 920.9662
A446 104 R 30 1 1 0 583.6714
A446 105 L 30 1 1 0 717.7155
A446 106 R 90 0 0 0 730.7119
A446 107 R 30 0 0 0 511.1474
A446 108 G 180 0 1 1 564.5866
A446 109 L 30 1 1 0 672.3327
A446 110 G 0 1 1 0 774.6353
A446 111 F 30 1 1 0 739.351
A446 112 R 120 0 0 0 758.9263
A446 113 R 90 1 1 0 563.1355
A446 114 L 150 1 1 0 864.6194
A446 115 R 120 0 0 0 663.1033
A446 116 F 30 0 0 0 629.7448
A446 117 L 180 0 1 1 821.049
A446 118 F 90 0 0 0 678.039
A446 119 R 0 1 1 0 894.1703
A446 120 L 120 0 0 0 648.8612
A446 121 G 0 0 0 0 608.293
A446 122 F 180 1 1 0 1382.4888
A446 123 R 150 1 1 0 855.1665
A446 124 L 90 0 0 0 725.8395
A446 125 R 0 1 1 0 609.4847
A446 126 G 90 1 1 0 747.2276
A446 127 G 150 1 1 0 710.059
A446 128 F 180 0 0 0 1361.0342
A446 129 G 120 1 1 0 787.8742
A446 130 G 60 0 0 0 710.5884
A446 131 L 90 0 0 0 893.3602
A446 132 R 120 1 1 0 825.52
A446 133 F 60 1 1 0 676.8776
A446 134 R 0 0 0 0 691.9595
A446 135 G 150 0 0 0 901.0156
A446 136 R 90 0 0 0 651.0554
A446 137 R 30 0 0 0 671.3077
A446 138 R 180 1 1 0 835.0195
A446 139 R 90 1 1 0 717.9524
A446 140 L 60 0 0 0 645.7762
A446 141 R 30 0 0 0 636.2345
A446 142 L 0 1 1 0 735.1286
A446 143 G 180 1 1 0 686.4713
A446 144 L 120 1 1 0 1033.6289
A446 145 R 90 0 0 0 1062.1747
A446 146 L 180 1 1 0 903.8529
A446 147 R 120 1 1 0 709.1122
A446 148 G 30 0 0 0 680.1672
A446 149 F 0 1 1 0 911.5508
A446 150 R 120 0 0 0 737.4717
A446 151 L 0 1 1 0 625.9432
A446 152 G 0 1 1 0 688.6998
A446 153 G 90 1 1 0 513.1334
A446 154 G 30 0 0 0 633.4802
A446 155 F 0 0 0 0 568.4734
A446 156 G 90 0 0 0 620.6046
A446 157 R 30 1 1 0 598.575
A446 158 R 0 0 0 0 615.5701
A446 159 F 180 1 1 0 822.2492
A446 160 L 0 0 0 0 631.0266
A446 161 F 150 1 1 0 1229.3381
A446 162 G 60 1 1 0 643.3298
A446 163 G 180 0 0 0 1199.2854
A446 164 F 30 1 1 0 720.8813
A446 165 F 180 0 0 0 1561.1004
A446 166 L 0 0 0 0 796.7108
A446 167 F 60 1 1 0 907.6536
A446 168 L 30 0 0 0 665.3742
A446 169 R 180 0 0 0 1882.339
A446 170 L 180 0 0 0 1271.3585
A446 171 F 60 0 0 0 898.2147
A446 172 G 120 1 1 0 716.5011
A446 173 F 120 0 0 0 715.337
A446 174 F 90 1 1 0 963.7278
A446 175 L 30 1 1 0 714.3718
A446 176 F 0 0 0 0 610.1781
A446 177 L 120 0 0 0 1108.7529
A446 178 G 120 0 0 0 529.6109
A446 179 G 150 0 0 0 586.3404
A446 180 L 90 0 0 0 529.4586
A446 181 G 0 1 1 0 591.1019
A446 182 L 90 1 1 0 838.7234
A446 183 R 60 1 1 0 553.2692
A446 184 G 150 1 1 0 980.1765
A446 185 F 0 1 0 1 598.8155
A446 186 R 180 0 0 0 874.0918
A446 187 L 60 0 0 0 565.9521
A446 188 G 120 0 0 0 649.154
A446 189 R 60 0 0 0 546.2826
A446 190 R 90 1 1 0 1496.1413
A446 191 L 180 1 1 0 1441.0689
A446 192 R 150 0 0 0 623.0672
A446 193 G 150 1 1 0 728.7113
A446 194 F 30 1 1 0 1024.2215
A446 195 L 90 1 1 0 854.1971
A446 196 F 180 0 0 0 1071.9985
A446 197 F 90 1 1 0 1335.3736
A446 198 F 150 0 0 0 843.2968
A446 199 F 120 1 1 0 1400.8333
A446 200 L 180 0 0 0 1104.389
A446 201 G 180 0 0 0 947.7182
A446 202 F 90 0 0 0 645.9963
A446 203 G 90 1 1 0 871.5365
A446 204 L 150 1 1 0 1047.0023
A446 205 F 180 1 1 0 998.7848
A446 206 G 0 0 0 0 599.5932
A446 207 L 120 0 0 0 933.974
A446 208 L 60 1 1 0 752.4375
A446 209 F 90 0 0 0 898.4237
A446 210 R 60 0 0 0 466.081
A446 211 L 150 1 1 0 626.6526
A446 212 G 60 0 0 0 622.4615
A446 213 R 30 1 1 0 565.5291
A446 214 L 150 0 0 0 740.1622
A446 215 L 60 1 1 0 626.3089
A446 216 R 150 1 1 0 645.2775
A446 217 L 150 0 0 0 797.1211
A446 218 F 120 1 1 0 681.6897
A446 219 G 30 1 1 0 673.8415
A446 220 R 60 1 1 0 551.7961
A446 221 R 180 1 1 0 1129.717
A446 222 G 90 0 0 0 831.4375
A446 223 G 30 1 1 0 631.5814
A446 224 L 30 0 0 0 611.2062
A446 225 G 60 1 1 0 786.7321
A446 226 F 30 0 0 0 609.5646
A446 227 G 180 1 9997 1 2000.0405
A446 228 R 120 0 0 0 801.2756
A446 229 F 150 0 0 0 789.0813
A446 230 R 150 1 1 0 795.2656
A446 231 F 150 1 1 0 644.2512
A446 232 R 0 1 0 1 1071.4191
A446 233 F 60 0 0 0 628.2209
A446 234 R 0 1 1 0 652.2742
A446 235 R 150 0 0 0 792.8376
A446 236 L 120 1 1 0 1076.1974
A446 237 F 120 0 0 0 787.4501
A446 238 F 30 0 0 0 770.3906
A446 239 G 0 0 0 0 597.7394
A446 240 L 30 1 1 0 725.1234
