H009 16 G 0 1 0 1 1511.8125
H009 17 F 0 1 1 0 848.6769
H009 18 F 120 1 0 1 716.4978
H009 19 G 60 1 1 0 899.2802
H009 20 L 180 0 1 1 985.9731
H009 21 L 180 1 0 1 987.0643
H009 22 F 60 0 0 0 1214.9824
H009 23 R 0 0 0 0 524.8751
H009 24 R 150 0 0 0 714.1871
H009 25 L 120 0 1 1 962.5575
H009 26 F 30 1 1 0 911.7276
H009 27 L 90 1 1 0 1511.5105
H009 28 F 30 0 0 0 717.5943
H009 29 F 0 0 0 0 912.8568
H009 30 F 180 0 0 0 769.5581
H009 31 L 90 0 0 0 853.7409
H009 32 R 180 0 0 0 629.3934
H009 33 R 150 1 1 0 985.4638
H009 34 G 60 0 0 0 619.7073
H009 35 G 150 1 1 0 810.5631
H009 36 R 30 0 0 0 487.8846
H009 37 L 150 1 1 0 804.6964
H009 38 G 90 1 1 0 863.2985
H009 39 L 150 1 1 0 1325.7252
H009 40 R 90 1 1 0 654.4016
H009 41 G 90 1 1 0 528.2839
H009 42 R 90 1 1 0 605.734
H009 43 R 120 0 0 0 535.0364
H009 44 G 30 1 1 0 628.0631
H009 45 R 60 1 1 0 686.7476
H009 46 L 30 0 0 0 792.7971
H009 47 R 90 0 0 0 693.7932
H009 48 R 30 0 0 0 512.0796
H009 49 L 150 0 0 0 1129.0918
H009 50 G 30 1 1 0 1228.0748
H009 51 R 120 1 1 0 733.3535
H009 52 G 30 0 0 0 756.6006
H009 53 F 120 0 0 0 903.1279
H009 54 F 90 0 0 0 499.9309
H009 55 G 150 0 0 0 735.3111
H009 56 L 180 0 0 0 571.7939
H009 57 L 30 1 1 0 592.2577
H009 58 R 180 1 1 0 1303.7601
H009 59 L 0 0 0 0 628.0731
H009 60 G 120 0 0 0 514.5291
H009 61 F 90 0 0 0 447.7879
H009 62 R 60 1 1 0 498.4656
H009 63 L 90 0 0 0 665.0703
H009 64 F 150 1 1 0 1016.0208
H009 65 R 150 0 0 0 514.0665
H009 66 R 180 1 1 0 1052.8807
H009 67 L 90 1 1 0 1003.7994
H009 68 F 90 1 1 0 559.0023
H009 69 R 90 0 0 0 987.3668
H009 70 L 180 1 1 0 1021.0535
H009 71 L 60 0 0 0 541.642
H009 72 F 150 0 0 0 441.9503
H009 73 L 150 0 0 0 493.6275
H009 74 L 0 1 1 0 626.5017
H009 75 R 60 0 0 0 453.7722
H009 76 G 0 0 0 0 474.5966
H009 77 F 120 1 1 0 1281.2533
H009 78 G 90 0 0 0 508.6694
H009 79 F 150 1 0 1 1213.6545
H009 80 G 120 1 1 0 1377.0739
H009 81 G 180 0 0 0 1883.8556
H009 82 F 150 0 0 0 583.275
H009 83 G 150 0 0 0 540.8081
H009 84 F 180 0 0 0 587.4453
H009 85 G 120 0 0 0 508.3981
H009 86 G 180 1 1 0 809.295
H009 87 L 30 1 1 0 756.9646
H009 88 R 180 0 0 0 557.5561
H009 89 F 180 1 1 0 705.9654
H009 90 L 120 1 1 0 1030.3388
H009 91 R 30 1 1 0 711.8424
H009 92 L 60 1 1 0 780.0648
H009 93 R 150 1 1 0 632.6095
H009 94 R 60 0 0 0 589.3735
H009 95 L 60 0 0 0 795.2645
H009 96 R 0 1 1 0 680.1845
H009 97 F 60 1 1 0 868.0017
H009 98 R 120 1 1 0 505.9216
H009 99 L 60 1 1 0 858.5868
H009 100 L 120 1 1 0 953.9478
H009 101 G 180 0 1 1 493.2202
H009 102 G 90 0 0 0 1096.3301
H009 103 F 30 1 1 0 912.6224
H009 104 R 0 1 1 0 716.9551
H009 105 F 30 0 0 0 651.3065
H009 106 G 60 0 0 0 713.3116
H009 107 G 0 0 0 0 684.558
H009 108 F 0 1 1 0 496.7291
H009 109 G 180 1 1 0 1250.6148
H009 110 F 60 1 1 0 822.6073
H009 111 L 0 1 1 0 581.8955
H009 112 L 120 0 0 0 823.1418
H009 113 G 120 1 1 0 888.6001
H009 114 G 60 1 1 0 589.4931
H009 115 R 0 0 0 0 574.4294
H009 116 G 30 0 0 0 439.7344
H009 117 F 0 0 0 0 421.6921
H009 118 R 30 1 1 0 682.2814
H009 119 L 30 0 0 0 714.7529
H009 120 F 180 1 1 0 1153.0108
H009 121 R 120 0 0 0 636.827
H009 122 G 0 1 1 0 655.3967
H009 123 L 0 0 0 0 656.1289
H009 124 F 60 0 0 0 438.1233
H009 125 F 120 0 0 0 449.9195
H009 126 F 90 1 1 0 1018.3864
H009 127 G 150 1 1 0 951.3614
H009 128 F 180 0 0 0 1365.078
H009 129 R 150 0 0 0 498.4653
H009 130 R 180 0 0 0 498.3904
H009 131 R 60 0 0 0 489.8796
H009 132 R 180 1 1 0 669.62
H009 133 F 150 0 0 0 520.6824
H009 134 R 90 1 1 0 621.5485
H009 135 F 180 1 1 0 1514.5827
H009 136 L 0 1 1 0 683.7285
H009 137 G 0 1 1 0 1011.3291
H009 138 R 60 1 1 0 661.7662
H009 139 L 60 0 0 0 623.3954
H009 140 L 180 1 1 0 1113.0227
H009 141 L 60 1 1 0 1633.7954
H009 142 G 150 1 1 0 878.6664
H009 143 R 120 1 1 0 866.4964
H009 144 L 150 1 1 0 963.0998
H009 145 F 0 1 1 0 821.0733
H009 146 L 150 0 0 0 762.5159
H009 147 L 120 0 0 0 525.1181
H009 148 F 180 1 1 0 1005.803
H009 149 L 0 0 0 0 831.3758
H009 150 L 90 1 1 0 841.0318
H009 151 R 150 0 0 0 598.4551
H009 152 G 0 1 1 0 751.9844
H009 153 G 150 0 1 1 701.2662
H009 154 F 0 0 0 0 809.5018
H009 155 R 90 1 1 0 741.6792
H009 156 F 120 1 1 0 848.2078
H009 157 R 0 0 0 0 542.1633
H009 158 G 60 0 0 0 519.3579
H009 159 L 90 0 9997 1 2000.0402
H009 160 G 0 0 0 0 596.5853
H009 161 R 30 0 0 0 527.3592
H009 162 G 180 0 1 1 514.8367
H009 163 F 90 1 1 0 1165.9029
H009 164 G 30 1 1 0 523.5892
H009 165 G 90 1 1 0 1116.4802
H009 166 L 180 0 0 0 1311.2418
H009 167 R 0 0 0 0 535.4292
H009 168 L 60 1 1 0 624.6883
H009 169 R 30 1 1 0 1036.1314
H009 170 G 150 1 1 0 886.7174
H009 171 G 60 1 1 0 613.4908
H009 172 G 30 1 1 0 449.9885
H009 173 G 120 0 0 0 693.0141
H009 174 R 120 1 1 0 749.5249
H009 175 R 90 0 0 0 487.8204
H009 176 L 180 1 1 0 791.4179
H009 177 F 120 1 1 0 829.5803
H009 178 L 0 1 1 0 781.292
H009 179 L 0 0 0 0 589.4274
H009 180 F 180 0 1 1 676.7349
H009 181 F 0 0 0 0 561.3244
H009 182 G 60 0 0 0 775.748
H009 183 F 150 0 0 0 494.5061
H009 184 F 30 0 0 0 401.6653
H009 185 R 60 1 1 0 739.5021
H009 186 F 60 0 0 0 615.7199
H009 187 F 60 1 1 0 662.7328
H009 188 L 30 0 0 0 535.0205
H009 189 R 150 1 1 0 1322.4938
H009 190 R 180 0 0 0 866.4903
H009 191 R 120 0 0 0 497.9602
H009 192 L 30 0 0 0 482.7896
H009 193 F 90 0 0 0 570.4434
H009 194 R 30 0 0 0 405.2157
H009 195 G 0 0 0 0 545.5182
H009 196 G 120 1 1 0 464.1232
H009 197 G 60 1 1 0 644.5626
H009 198 G 180 1 1 0 1508.737
H009 199 F 30 1 1 0 798.8599
H009 200 F 60 1 1 0 464.2297
H009 201 G 120 0 0 0 734.4931
H009 202 G 180 1 1 0 581.2454
H009 203 F 0 1 1 0 899.5641
H009 204 L 30 1 1 0 843.4105
H009 205 F 30 0 0 0 395.1684
H009 206 R 180 1 1 0 1149.7285
H009 207 G 30 0 0 0 547.8836
H009 208 L 180 0 0 0 1469.2672
H009 209 L 150 0 0 0 619.1765
H009 210 F 120 0 0 0 628.5869
H009 211 L 120 1 1 0 662.016
H009 212 R 0 1 1 0 1188.4192
H009 213 R 30 1 1 0 442.4208
H009 214 R 0 1 1 0 393.4
H009 215 F 150 1 1 0 850.0374
H009 216 G 150 0 0 0 946.7723
H009 217 R 60 0 0 0 410.0879
H009 218 F 150 1 1 0 672.5894
H009 219 L 120 1 1 0 754.618
H009 220 R 150 1 1 0 631.6428
H009 221 F 30 1 1 0 583.984
H009 222 G 90 0 0 0 933.4477
H009 223 R 90 0 0 0 709.8464
H009 224 L 150 1 1 0 768.232
H009 225 G 180 0 1 1 582.9685
H009 226 G 30 0 0 0 552.035
H009 227 G 90 1 1 0 1009.3598
H009 228 L 90 1 1 0 1235.6492
H009 229 G 90 0 0 0 652.0837
H009 230 L 120 0 0 0 593.7252
H009 231 F 90 0 0 0 545.7814
H009 232 F 90 1 1 0 1431.6772
H009 233 L 90 0 0 0 683.5894
H009 234 R 120 0 0 0 513.2834
H009 235 L 30 1 1 0 608.1776
H009 236 F 60 0 0 0 485.6916
H009 237 F 120 0 0 0 444.4216
H009 238 G 120 1 1 0 749.9503
H009 239 L 60 0 0 0 470.9761
