B004 27 F 0 1 0 1 1066.2031
B004 28 R 60 1 1 0 260.8033
B004 29 F 120 1 9997 1 2000.0386
B004 30 R 180 1 1 0 694.6347
B004 31 F 180 1 0 1 797.8084
B004 32 F 150 0 1 1 633.7294
B004 33 R 90 0 1 1 543.0707
B004 34 F 180 0 1 1 657.9319
B004 35 G 90 1 1 0 544.8584
B004 36 F 90 0 1 1 629.0587
B004 37 G 0 0 0 0 860.5038
B004 38 L 180 1 1 0 694.7187
B004 39 L 150 1 1 0 444.4707
B004 40 F 30 0 0 0 1210.5256
B004 41 F 150 1 1 0 585.0892
B004 42 G 0 1 1 0 495.8454
B004 43 R 90 1 1 0 1439.2486
B004 44 F 120 0 1 1 403.5647
B004 45 R 60 0 1 1 610.7729
B004 46 L 120 0 1 1 547.785
B004 47 L 30 0 0 0 703.088
B004 48 R 30 1 1 0 576.5269
B004 49 L 30 1 0 1 532.6076
B004 50 G 150 0 1 1 510.7479
B004 51 F 30 0 0 0 848.9017
B004 52 R 60 0 0 0 584.4936
B004 53 G 60 1 1 0 704.5803
B004 54 F 0 1 0 1 721.0397
B004 55 L 150 0 1 1 1075.6191
B004 56 G 30 1 1 0 513.2633
B004 57 G 150 1 1 0 502.7164
B004 58 G 60 0 0 0 710.0087
B004 59 R 150 1 1 0 1621.4293
B004 60 L 0 1 1 0 531.6586
B004 61 G 180 1 1 0 568.3622
B004 62 L 60 0 0 0 945.5797
B004 63 R 180 0 1 1 645.0655
B004 64 G 120 0 0 0 1532.9096
B004 65 R 150 0 0 0 1167.8146
B004 66 R 180 0 0 0 1196.9421
B004 67 F 60 0 0 0 948.9483
B004 68 L 60 1 1 0 561.8373
B004 69 F 30 1 1 0 1394.941
B004 70 L 0 0 0 0 747.9892
B004 71 R 0 1 1 0 761.1205
B004 72 L 90 0 1 1 1051.3331
B004 73 L 180 1 0 1 1545.8166
B004 74 G 60 1 0 1 1291.4046
B004 75 G 90 0 0 0 781.6309
B004 76 R 120 0 1 1 532.1366
B004 77 F 30 1 1 0 818.7161
B004 78 F 0 0 0 0 641.9509
B004 79 F 120 0 1 1 925.06
B004 80 G 90 0 0 0 573.5466
B004 81 R 120 0 0 0 1694.5763
B004 82 R 0 0 0 0 759.1962
B004 83 L 0 0 0 0 558.0273
B004 84 F 90 1 1 0 682.489
B004 85 G 30 0 0 0 544.4407
B004 86 F 150 1 1 0 722.5854
B004 87 G 0 0 0 0 565.5694
B004 88 F 180 0 1 1 383.2082
B004 89 G 30 1 1 0 796.5775
B004 90 R 30 1 0 1 584.0483
B004 91 L 30 1 1 0 769.4992
B004 92 R 150 0 1 1 635.645
B004 93 F 60 1 1 0 604.0022
B004 94 L 60 0 0 0 603.4731
B004 95 L 150 0 1 1 816.5798
B004 96 L 90 0 1 1 568.4273
B004 97 R 0 1 0 1 571.657
B004 98 L 120 1 1 0 631.2772
B004 99 F 90 1 1 0 606.9554
B004 100 R 120 1 1 0 560.9652
B004 101 R 90 0 1 1 888.7968
B004 102 L 180 0 1 1 657.6685
B004 103 F 120 1 1 0 565.0252
B004 104 L 60 1 1 0 601.1703
B004 105 F 60 1 1 0 505.9735
B004 106 G 180 0 1 1 782.6947
B004 107 G 180 0 1 1 530.2624
B004 108 G 60 0 1 1 722.9863
B004 109 G 120 1 1 0 576.9038
B004 110 L 120 0 0 0 1060.5379
B004 111 F 60 0 0 0 678.8765
B004 112 G 0 1 1 0 623.2544
B004 113 L 180 0 1 1 1785.7655
B004 114 G 30 0 0 0 876.2203
B004 115 R 60 1 1 0 616.5602
B004 116 F 90 0 0 0 1355.805
B004 117 R 30 0 0 0 896.9456
B004 118 G 120 1 1 0 971.8459
B004 119 L 120 1 1 0 686.064
B004 120 L 0 1 1 0 876.8765
B004 121 R 30 0 0 0 701.4459
B004 122 F 150 0 0 0 1391.3363
B004 123 F 0 0 0 0 740.0027
B004 124 G 120 0 0 0 1174.7641
B004 125 R 90 1 1 0 668.3238
B004 126 R 120 1 1 0 528.9407
B004 127 L 150 1 1 0 1573.0938
B004 128 L 90 1 1 0 444.0386
B004 129 R 0 0 0 0 997.3273
B004 130 R 180 1 1 0 622.4246
B004 131 L 90 1 1 0 1742.0334
B004 132 G 90 1 1 0 647.3929
B004 133 G 150 1 1 0 622.8381
B004 134 G 180 1 1 0 549.2357
B004 135 L 30 0 0 0 800.9286
B004 136 F 180 1 9997 1 2000.0399
B004 137 G 150 0 1 1 581.2789
B004 138 R 150 1 1 0 588.2943
B004 139 L 30 1 0 1 857.459
B004 140 L 90 0 1 1 542.6181
B004 141 R 150 1 1 0 851.2087
B004 142 F 150 1 1 0 666.6546
B004 143 L 30 1 1 0 750.2671
B004 144 F 120 0 0 0 702.9525
B004 145 G 150 0 0 0 998.1386
B004 146 L 180 0 0 0 1211.9155
B004 147 G 150 1 1 0 892.5545
B004 148 L 150 0 0 0 823.4267
B004 149 R 120 1 0 1 782.4419
B004 150 R 150 0 0 0 903.1793
B004 151 L 90 1 1 0 433.5649
B004 152 R 120 0 0 0 573.9509
B004 153 R 0 1 1 0 674.1103
B004 154 R 90 1 1 0 569.4299
B004 155 F 0 1 0 1 542.5684
B004 156 L 150 1 1 0 992.7088
B004 157 R 150 0 1 1 550.6476
B004 158 L 120 1 1 0 537.2443
B004 159 R 30 0 0 0 493.9647
B004 160 F 60 1 1 0 689.6346
B004 161 L 60 1 0 1 551.3581
B004 162 L 180 0 1 1 424.0005
B004 163 F 30 0 0 0 729.7693
B004 164 F 60 0 0 0 544.5751
B004 165 F 180 0 1 1 826.0254
B004 166 F 60 1 1 0 1625.6259
B004 167 R 60 0 0 0 622.383
B004 168 L 90 0 0 0 655.2699
B004 169 R 90 0 0 0 541.5753
B004 170 G 120 1 1 0 607.1319
B004 171 F 0 0 0 0 400.3478
B004 172 R 0 0 0 0 555.8617
B004 173 G 60 0 1 1 413.0754
B004 174 G 120 0 0 0 780.1978
B004 175 F 180 0 1 1 717.7901
B004 176 L 30 0 0 0 538.9998
B004 177 L 90 1 1 0 1265.0583
B004 178 R 180 1 1 0 738.345
B004 179 G 180 0 1 1 514.5986
B004 180 L 0 0 1 1 594.5985
B004 181 R 90 1 0 1 623.8966
B004 182 F 90 0 0 0 744.7706
B004 183 G 120 1 1 0 1551.0024
B004 184 L 120 0 0 0 666.547
B004 185 G 120 0 0 0 1266.285
B004 186 F 30 1 1 0 1180.3092
B004 187 G 0 1 1 0 867.7365
B004 188 G 30 1 1 0 699.1827
B004 189 G 60 1 1 0 540.6452
B004 190 L 120 1 1 0 690.3573
B004 191 L 150 1 1 0 753.9816
B004 192 G 180 0 1 1 580.295
B004 193 F 60 0 0 0 794.1923
B004 194 F 150 1 1 0 772.1727
B004 195 R 30 1 1 0 766.2083
B004 196 L 0 1 0 1 676.6117
B004 197 F 90 1 9997 1 2000.0391
B004 198 L 0 0 0 0 647.8907
B004 199 F 90 1 1 0 966.3203
B004 200 L 0 1 0 1 477.6071
B004 201 R 60 1 1 0 1003.8932
B004 202 G 180 1 1 0 542.5058
B004 203 G 60 0 0 0 727.1444
B004 204 F 0 1 1 0 545.1059
B004 205 G 90 0 0 0 677.2252
B004 206 F 150 0 1 1 654.9419
B004 207 L 120 0 0 0 1170.0856
B004 208 F 120 1 0 1 1052.4413
B004 209 G 0 1 1 0 1194.8262
B004 210 F 180 1 1 0 646.2746
B004 211 R 0 1 0 1 786.3256
B004 212 F 120 0 0 0 649.5619
B004 213 R 60 0 1 1 411.8188
B004 214 F 150 0 0 0 264.4143
B004 215 R 120 0 1 1 287.2734
B004 216 R 180 0 0 0 329.6634
B004 217 G 60 1 1 0 259.7026
B004 218 R 30 0 0 0 228.7886
B004 219 G 150 1 1 0 354.5423
B004 220 G 180 1 1 0 465.3519
B004 221 L 60 0 0 0 660.913
B004 222 F 30 0 0 0 461.859
B004 223 G 90 1 1 0 504.5457
B004 224 F 0 0 0 0 431.6736
B004 225 R 30 1 1 0 509.9964
B004 226 G 0 0 0 0 671.4351
B004 227 R 0 0 0 0 555.995
B004 228 G 30 0 0 0 573.3148
B004 229 R 180 1 1 0 630.909
B004 230 L 30 0 0 0 387.9013
B004 231 F 30 1 1 0 527.9177
B004 232 R 180 0 1 1 551.0929
B004 233 F 180 1 1 0 892.2193
B004 234 L 60 0 0 0 508.9725
B004 235 F 120 1 1 0 625.268
B004 236 G 150 0 1 1 530.9993
B004 237 G 90 0 1 1 651.5524
B004 238 R 90 0 1 1 509.1829
B004 239 G 30 0 1 1 461.0485
B004 240 L 60 1 1 0 470.2335
B004 241 R 60 1 1 0 443.5826
B004 242 G 30 1 1 0 565.7286
B004 243 L 150 0 1 1 461.1597
B004 244 G 0 0 0 0 538.7428
B004 245 R 150 1 0 1 566.2365
B004 246 L 180 1 0 1 612.1152
B004 247 L 180 1 0 1 483.3299
B004 248 F 90 0 1 1 1057.3679
B004 249 R 120 1 1 0 593.3201
B004 250 G 90 1 1 0 553.1566
