P004 51 L 0 1 1 0 1524.4859
P004 52 F 90 0 9997 1 2000.0397
P004 53 L 150 0 1 1 1610.6561
P004 54 L 120 0 0 0 1574.1358
P004 55 L 60 1 9997 1 2000.0399
P004 56 F 60 0 0 0 1391.3271
P004 57 F 60 1 1 0 793.207
P004 58 L 0 0 1 1 1032.0602
P004 59 R 30 0 0 0 1227.8608
P004 60 G 60 0 0 0 1019.9914
P004 61 R 180 0 9997 1 2000.0232
P004 62 R 150 1 0 1 1400.7965
P004 63 F 180 0 1 1 1852.8528
P004 64 G 90 1 1 0 1575.8235
P004 65 F 90 1 9997 1 2000.04
P004 66 R 90 1 0 1 1751.8011
P004 67 R 0 1 1 0 1054.5064
P004 68 L 150 1 0 1 1701.8853
P004 69 G 90 0 9997 1 2000.0402
P004 70 R 0 0 0 0 1142.1633
P004 71 R 60 1 1 0 875.1361
P004 72 G 150 0 0 0 1242.6856
P004 73 F 90 1 1 0 1458.6913
P004 74 F 120 0 0 0 1325.845
P004 75 G 60 1 1 0 1028.2357
P004 76 G 180 1 0 1 1236.0367
P004 77 G 0 1 1 0 1427.6158
P004 78 G 180 0 1 1 750.825
P004 79 F 60 0 0 0 903.7596
P004 80 F 30 1 1 0 770.0766
P004 81 R 0 1 0 1 1411.3182
P004 82 G 30 1 9997 1 2000.0246
P004 83 L 90 0 0 0 1757.413
P004 84 G 120 1 1 0 1387.575
P004 85 R 30 1 1 0 1149.1949
P004 86 G 90 1 0 1 1269.1113
P004 87 R 180 0 9997 1 2000.0388
P004 88 L 120 1 1 0 1440.1945
P004 89 G 0 0 0 0 1124.2658
P004 90 L 0 0 0 0 1027.1574
P004 91 F 120 1 1 0 1436.0892
P004 92 G 120 0 0 0 940.1793
P004 93 F 0 1 1 0 1146.2722
P004 94 F 150 1 1 0 1681.0092
P004 95 R 60 0 0 0 740.0779
P004 96 R 150 0 0 0 1209.152
P004 97 L 30 0 0 0 1876.6326
P004 98 G 60 1 1 0 957.7351
P004 99 G 30 0 0 0 652.5083
P004 100 R 120 0 0 0 919.4414
P004 101 G 30 0 0 0 732.0048
P004 102 R 30 1 1 0 706.7513
P004 103 R 150 1 1 0 1371.4184
P004 104 R 0 0 0 0 548.8371
P004 105 G 120 0 0 0 846.8277
P004 106 F 180 1 1 0 1701.3034
P004 107 G 150 1 1 0 1261.9355
P004 108 R 120 0 0 0 1107.0354
P004 109 R 180 1 1 0 1474.6897
P004 110 F 30 1 1 0 1355.7466
P004 111 G 150 0 0 0 1203.917
P004 112 R 90 0 0 0 1452.5835
P004 113 L 0 1 1 0 900.0744
P004 114 L 180 1 0 1 1777.6516
P004 115 G 120 1 1 0 1123.2266
P004 116 L 60 0 0 0 1283.0055
P004 117 L 180 0 9997 1 2000.0399
P004 118 G 180 0 9997 1 2000.0391
P004 119 G 0 1 1 0 1093.5292
P004 120 L 90 1 0 1 1681.4595
P004 121 G 150 1 9997 1 2000.0327
P004 122 R 60 1 1 0 1376.2568
P004 123 G 180 1 9997 1 2000.0377
P004 124 L 120 1 1 0 1421.2605
P004 125 F 0 0 0 0 599.1002
P004 126 R 60 0 0 0 1087.4891
P004 127 F 30 0 0 0 676.8874
P004 128 R 150 0 0 0 989.3514
P004 129 R 90 0 0 0 713.066
P004 130 G 90 0 0 0 686.0936
P004 131 F 0 1 1 0 800.3498
P004 132 L 30 0 0 0 672.1385
P004 133 G 0 0 0 0 662.128
P004 134 F 180 0 0 0 1205.77
P004 135 R 120 1 1 0 1002.7361
P004 136 F 30 0 0 0 636.9678
P004 137 L 90 1 1 0 1032.4633
P004 138 G 60 0 0 0 596.1934
P004 139 F 60 1 1 0 777.9804
P004 140 L 150 1 1 0 991.864
P004 141 F 0 0 0 0 511.6052
P004 142 L 180 1 0 1 994.8013
P004 143 R 30 0 0 0 704.5672
P004 144 L 30 1 1 0 1009.939
P004 145 F 90 0 0 0 933.0826
P004 146 F 150 0 0 0 1648.0832
P004 147 L 180 0 1 1 1177.6581
P004 148 F 120 1 1 0 1459.4956
P004 149 G 30 1 1 0 869.3708
P004 150 L 60 1 1 0 679.9437
P004 151 F 150 0 0 0 834.9503
P004 152 R 180 1 0 1 1417.6707
P004 153 R 120 1 1 0 1443.2161
P004 154 L 150 0 0 0 1365.4741
P004 155 L 60 0 0 0 443.6251
P004 156 L 30 1 1 0 1085.0214
P004 157 L 120 0 0 0 971.75
P004 158 R 90 1 1 0 1683.1536
P004 159 L 90 0 0 0 1101.2031
P004 160 F 150 1 1 0 1709.2656
P004 161 F 120 0 0 0 985.392
P004 162 F 180 1 1 0 1835.0718
P004 163 G 150 0 0 0 730.5632
P004 164 R 30 0 0 0 467.9519
P004 165 G 0 1 1 0 750.7097
P004 166 G 90 0 0 0 741.5727
P004 167 L 30 0 0 0 563.4381
P004 168 G 30 0 0 0 574.9055
P004 169 F 150 1 1 0 775.1723
P004 170 R 90 0 0 0 816.7558
P004 171 F 180 0 1 1 1488.2433
P004 172 R 150 1 9997 1 2000.0397
P004 173 F 30 1 1 0 1024.8079
P004 174 L 120 0 0 0 739.2909
P004 175 L 90 0 0 0 1258.0982
P004 176 L 0 0 0 0 471.3292
P004 177 G 120 0 9997 1 2000.0162
P004 178 F 30 1 9997 1 2000.021
P004 179 L 60 0 9997 1 2000.0268
P004 180 R 180 0 9997 1 2000.0237
P004 181 L 60 0 9997 1 2000.0408
P004 182 R 60 1 9997 1 2000.0386
P004 183 F 120 0 9997 1 2000.0271
P004 184 L 150 1 0 1 1130.2733
P004 185 R 150 1 1 0 1173.8078
P004 186 L 150 0 0 0 1652.9271
P004 187 L 0 0 1 1 1083.6592
P004 188 R 90 1 1 0 804.0907
P004 189 G 0 1 1 0 879.9797
P004 190 F 60 1 1 0 1545.8582
P004 191 G 90 0 0 0 750.1051
P004 192 R 60 0 0 0 476.631
P004 193 L 90 1 1 0 729.9425
P004 194 F 30 0 0 0 493.049
P004 195 F 150 1 1 0 694.7986
P004 196 G 90 1 1 0 662.1009
P004 197 R 30 0 0 0 528.6988
P004 198 R 120 0 1 1 1203.3569
P004 199 F 60 0 0 0 899.754
P004 200 R 0 0 0 0 847.125
P004 201 R 90 0 0 0 874.1234
P004 202 L 180 0 1 1 1341.9345
P004 203 R 120 1 1 0 908.0601
P004 204 F 0 1 1 0 851.0791
P004 205 G 60 1 1 0 643.2041
P004 206 F 180 1 0 1 1434.1842
P004 207 F 120 0 0 0 884.1551
P004 208 R 30 1 9997 1 2000.0346
P004 209 L 90 1 1 0 1616.1805
P004 210 F 90 1 1 0 1643.5011
P004 211 L 120 0 0 0 1435.321
P004 212 R 180 1 0 1 1316.2142
P004 213 R 150 0 9997 1 2000.0249
P004 214 F 150 0 1 1 1711.7698
P004 215 F 180 1 1 0 1147.0184
P004 216 G 120 1 1 0 1305.4067
P004 217 G 150 0 1 1 1184.2125
P004 218 G 90 1 1 0 937.0403
P004 219 R 30 1 1 0 858.0222
P004 220 L 30 1 1 0 1003.5041
P004 221 L 30 1 1 0 459.5092
P004 222 L 0 1 1 0 939.5208
P004 223 F 90 1 1 0 795.5218
P004 224 L 60 1 1 0 787.1026
P004 225 G 150 1 1 0 806.8397
P004 226 G 120 0 0 0 1093.4272
P004 227 R 120 0 0 0 931.2572
P004 228 G 30 0 0 0 499.2878
P004 229 L 180 1 0 1 992.1747
P004 230 G 180 0 0 0 1529.3036
P004 231 F 30 0 0 0 735.396
P004 232 F 60 0 0 0 508.6895
P004 233 R 90 1 1 0 697.9761
P004 234 R 180 1 9997 1 2000.038
P004 235 G 180 1 9997 1 2000.0397
P004 236 R 0 1 1 0 1943.44
P004 237 G 30 1 1 0 1018.7742
P004 238 R 60 1 1 0 1008.1441
P004 239 R 0 0 0 0 625.1538
P004 240 F 150 0 0 0 1348.2398
P004 241 L 30 0 0 0 642.6722
P004 242 L 150 1 1 0 1476.5268
P004 243 F 90 0 0 0 902.3532
P004 244 L 120 1 1 0 1373.8995
P004 245 L 0 1 1 0 1052.6561
P004 246 G 60 0 0 0 594.389
P004 247 F 60 1 1 0 782.5154
P004 248 G 0 0 0 0 543.9753
P004 249 F 120 1 1 0 992.0585
P004 250 G 60 1 9997 1 2000.0394
P004 251 R 120 1 1 0 700.9346
P004 252 G 150 1 1 0 568.7877
P004 253 F 0 0 0 0 491.2725
P004 254 L 60 1 1 0 1197.4924
P004 255 G 30 1 1 0 1206.1642
P004 256 L 120 1 1 0 730.8261
P004 257 F 180 0 1 1 593.7179
P004 258 F 0 0 0 0 548.0833
P004 259 R 180 0 1 1 468.3182
P004 260 G 0 0 0 0 435.6688
P004 261 L 180 1 9997 1 2000.0402
P004 262 G 60 0 0 0 726.3345
P004 263 L 180 0 9997 1 2000.0402
P004 264 R 150 0 0 0 789.1858
P004 265 G 180 1 1 0 1410.7318
P004 266 R 0 1 1 0 1058.2434
P004 267 F 0 1 1 0 582.6813
P004 268 G 180 0 9997 1 2000.0182
P004 269 G 120 1 1 0 1764.2441
P004 270 L 150 0 0 0 753.6184
P004 271 F 90 0 0 0 1450.3285
P004 272 F 120 1 0 1 1558.5062
P004 273 R 60 0 0 0 635.5436
P004 274 L 90 0 1 1 1036.6887
