K011 20 G 120 0 9997 1 2000.0422
K011 21 G 180 1 1 0 1267.4809
K011 22 G 30 1 1 0 1272.7377
K011 23 R 60 0 0 0 885.248
K011 24 F 150 1 1 0 1545.8037
K011 25 G 30 0 0 0 1225.3155
K011 26 R 180 1 1 0 1205.9496
K011 27 F 150 0 9997 1 2000.0394
K011 28 L 120 0 0 0 1384.5939
K011 29 F 120 1 1 0 871.0599
K011 30 G 120 1 1 0 1764.2153
K011 31 L 60 0 0 0 923.4095
K011 32 F 60 1 1 0 1840.4325
K011 33 R 180 0 1 1 1352.4462
K011 34 F 30 1 1 0 714.9157
K011 35 G 150 0 0 0 1234.6443
K011 36 R 30 0 0 0 1037.7668
K011 37 G 0 1 9997 1 2000.0386
K011 38 R 180 1 9997 1 2000.0388
K011 39 R 60 1 1 0 792.7862
K011 40 L 30 0 0 0 976.1794
K011 41 L 150 0 0 0 733.0471
K011 42 R 150 0 0 0 1174.1174
K011 43 R 60 1 1 0 893.4124
K011 44 F 60 0 0 0 1305.7179
K011 45 L 120 1 1 0 926.6597
K011 46 R 0 0 0 0 1741.0973
K011 47 R 90 1 1 0 876.0854
K011 48 R 150 0 0 0 1495.4091
K011 49 R 0 0 0 0 561.8144
K011 50 F 180 0 1 1 1205.5965
K011 51 R 120 1 9997 1 2000.0235
K011 52 R 180 0 1 1 1404.4933
K011 53 R 150 1 9997 1 2000.0405
K011 54 L 60 1 9997 1 2000.0413
K011 55 G 150 1 1 0 1215.0402
K011 56 G 0 1 1 0 904.2783
K011 57 F 30 1 1 0 1297.147
K011 58 L 0 1 0 1 983.2381
K011 59 G 60 0 0 0 1662.582
K011 60 L 150 1 1 0 1002.0391
K011 61 L 180 0 0 0 1394.5367
K011 62 R 30 1 9997 1 2000.0394
K011 63 F 90 0 0 0 1336.607
K011 64 F 90 1 1 0 1279.6601
K011 65 L 90 1 1 0 899.9093
K011 66 L 90 1 1 0 471.1655
K011 67 F 30 0 0 0 837.2961
K011 68 F 150 1 1 0 1276.6502
K011 69 F 0 1 1 0 587.5652
K011 70 F 60 1 1 0 607.7088
K011 71 L 150 1 1 0 1084.3135
K011 72 F 180 1 1 0 936.7286
K011 73 F 0 0 0 0 642.0587
K011 74 L 0 0 0 0 539.7303
K011 75 F 30 0 0 0 1447.5636
K011 76 F 0 0 0 0 430.2499
K011 77 F 120 1 1 0 959.739
K011 78 F 120 0 0 0 803.7211
K011 79 L 150 0 0 0 856.441
K011 80 G 60 1 1 0 1029.8488
K011 81 G 60 0 0 0 750.6348
K011 82 G 90 0 0 0 476.7489
K011 83 L 60 0 0 0 514.9437
K011 84 L 180 0 0 0 919.7526
K011 85 G 120 1 1 0 708.5655
K011 86 R 90 0 0 0 1054.5606
K011 87 R 120 1 1 0 782.9403
K011 88 G 0 0 0 0 1039.6316
K011 89 G 0 0 0 0 435.7909
K011 90 L 60 1 1 0 789.8775
K011 91 G 60 1 0 1 610.1465
K011 92 G 30 0 0 0 873.0291
K011 93 R 30 0 1 1 504.1015
K011 94 R 120 0 1 1 827.2269
K011 95 R 30 1 0 1 621.1812
K011 96 L 90 0 9997 1 2000.0307
K011 97 G 150 0 0 0 1964.0876
K011 98 G 120 0 0 0 529.8629
K011 99 L 30 1 1 0 884.6166
K011 100 R 60 0 0 0 1737.5418
K011 101 R 0 1 1 0 624.1086
K011 102 L 0 1 9997 1 2000.038
K011 103 L 180 1 1 0 1505.4204
K011 104 L 30 0 0 0 699.442
K011 105 F 60 0 0 0 1455.2187
K011 106 G 90 1 1 0 1261.7042
K011 107 F 90 1 1 0 710.1377
K011 108 G 30 1 1 0 888.8507
K011 109 G 150 1 1 0 1479.5
K011 110 F 180 0 0 0 1998.416
K011 111 G 180 0 0 0 879.2805
K011 112 G 90 1 1 0 1512.4908
K011 113 L 120 1 1 0 953.4952
K011 114 L 180 1 1 0 1383.1194
K011 115 F 150 0 0 0 1005.3043
K011 116 R 0 1 1 0 793.6023
K011 117 L 30 1 1 0 1109.7276
K011 118 L 90 0 0 0 722.08
K011 119 L 120 0 0 0 556.2905
K011 120 R 90 1 1 0 1743.7783
K011 121 R 90 0 0 0 815.5467
K011 122 L 0 0 0 0 656.6877
K011 123 F 120 0 0 0 661.7034
K011 124 R 150 1 0 1 1273.2805
K011 125 F 90 0 0 0 699.4138
K011 126 G 180 0 0 0 1355.2125
K011 127 F 0 1 1 0 991.4098
K011 128 R 120 0 1 1 890.39
K011 129 G 180 1 1 0 1810.636
K011 130 G 90 0 9997 1 2000.0397
K011 131 F 180 1 1 0 1823.3002
K011 132 G 0 1 9997 1 2000.0397
K011 133 L 0 1 0 1 770.0068
K011 134 F 180 1 1 0 1283.8844
K011 135 R 90 1 1 0 1437.4687
K011 136 L 30 0 0 0 663.1103
K011 137 G 90 1 1 0 1479.6523
K011 138 G 0 0 0 0 735.9184
K011 139 L 90 1 1 0 885.9861
K011 140 G 180 1 1 0 914.4936
K011 141 G 150 0 0 0 958.7529
K011 142 F 90 0 0 0 918.6005
K011 143 F 90 0 0 0 447.3881
K011 144 F 120 0 0 0 611.7822
K011 145 R 0 0 1 1 571.9744
K011 146 R 180 1 0 1 1233.8515
K011 147 F 180 0 9997 1 2000.0341
K011 148 F 150 1 1 0 1005.6443
K011 149 L 120 0 0 0 1297.9219
K011 150 G 120 1 1 0 942.0644
K011 151 R 90 0 0 0 999.2161
K011 152 G 30 1 1 0 909.9941
K011 153 G 150 1 1 0 1234.8178
K011 154 F 60 0 0 0 818.7895
K011 155 R 30 1 1 0 736.8875
K011 156 F 150 0 0 0 785.8675
K011 157 R 60 0 1 1 684.2588
K011 158 F 180 1 1 0 1194.5443
K011 159 R 120 1 1 0 1249.3954
K011 160 F 120 1 1 0 687.0287
K011 161 R 30 1 1 0 903.0874
K011 162 L 180 1 1 0 1397.7165
K011 163 L 60 0 0 0 1526.5312
K011 164 R 90 1 1 0 781.9038
K011 165 G 30 0 0 0 848.2721
K011 166 G 0 1 9997 1 2000.0405
K011 167 G 120 0 0 0 1251.7203
K011 168 F 30 0 0 0 670.2874
K011 169 F 90 1 1 0 729.7383
K011 170 F 120 0 0 0 923.271
K011 171 G 60 0 0 0 534.7629
K011 172 R 150 0 1 1 971.3804
K011 173 G 150 0 0 0 775.3477
K011 174 L 90 0 0 0 571.6741
K011 175 R 60 1 1 0 742.7391
K011 176 R 120 0 1 1 544.9056
K011 177 L 60 1 0 1 805.9494
K011 178 L 30 1 1 0 900.7701
K011 179 F 60 1 1 0 1726.5594
K011 180 L 150 0 0 0 959.1697
K011 181 L 150 1 1 0 745.5118
K011 182 R 0 1 1 0 1363.9563
K011 183 R 150 0 0 0 1646.5012
K011 184 L 0 1 1 0 1190.6457
K011 185 L 60 1 1 0 696.7293
K011 186 L 180 1 1 0 1847.3717
K011 187 G 120 0 0 0 984.2583
K011 188 R 30 0 1 1 621.2834
K011 189 R 180 0 0 0 1152.7879
K011 190 G 30 1 1 0 1191.4914
K011 191 L 0 0 0 0 788.8452
K011 192 F 150 1 1 0 1330.9178
K011 193 R 60 1 1 0 911.0041
K011 194 R 30 0 0 0 927.0335
K011 195 F 120 1 9997 1 2000.04
K011 196 F 60 0 0 0 758.5875
K011 197 R 180 0 0 0 1191.2589
K011 198 G 60 1 1 0 1014.3197
K011 199 R 120 1 1 0 1672.3206
K011 200 L 150 0 0 0 1071.7507
K011 201 L 60 0 0 0 433.0478
K011 202 F 150 0 0 0 560.738
K011 203 G 60 0 0 0 525.5704
K011 204 F 30 1 1 0 1137.6848
K011 205 G 180 0 0 0 1056.8145
K011 206 G 180 1 1 0 1058.5577
K011 207 G 90 1 1 0 1270.616
K011 208 R 0 1 1 0 716.1913
K011 209 R 150 1 0 1 965.8825
K011 210 F 0 1 9997 1 2000.0254
K011 211 F 0 1 1 0 483.065
K011 212 G 90 0 0 0 639.9732
K011 213 L 150 1 1 0 1079.771
K011 214 G 120 1 1 0 734.7842
K011 215 R 150 1 0 1 789.2104
K011 216 R 120 0 1 1 1035.0899
K011 217 R 90 0 0 0 627.8443
K011 218 F 0 0 0 0 1202.0693
K011 219 G 90 0 0 0 758.3673
K011 220 L 120 1 1 0 1386.7089
K011 221 G 180 0 0 0 1143.1366
K011 222 L 180 0 0 0 683.274
K011 223 F 90 1 1 0 912.6392
K011 224 F 30 0 1 1 529.7715
K011 225 G 0 0 0 0 614.9424
K011 226 L 30 1 1 0 960.4053
K011 227 F 60 1 1 0 863.1279
K011 228 R 60 0 0 0 877.5118
K011 229 L 90 0 0 0 640.9421
K011 230 R 180 1 1 0 1588.4376
K011 231 G 60 1 1 0 1399.1052
K011 232 L 180 0 0 0 1086.832
K011 233 L 30 0 0 0 424.2687
K011 234 L 0 0 0 0 393.0891
K011 235 G 150 1 1 0 621.0555
K011 236 G 30 0 0 0 1358.2182
K011 237 L 120 0 0 0 490.1168
K011 238 L 120 1 1 0 691.1577
K011 239 R 0 0 0 0 1262.7786
K011 240 F 30 1 1 0 678.2125
K011 241 F 180 0 0 0 1131.7469
K011 242 L 90 1 1 0 814.1686
K011 243 F 0 0 0 0 617.2843
