P002 22 R 120 1 1 0 1407.0596
P002 23 R 0 0 0 0 699.6456
P002 24 L 0 0 1 1 1007.3305
P002 25 G 180 1 0 1 1716.6319
P002 26 G 120 1 1 0 1752.7465
P002 27 G 180 0 1 1 956.8241
P002 28 G 60 0 0 0 790.596
P002 29 F 180 1 1 0 1607.8865
P002 30 F 30 1 1 0 732.471
P002 31 G 150 1 9997 1 2000.0391
P002 32 R 60 0 0 0 997.0295
P002 33 R 90 1 1 0 1142.5195
P002 34 F 120 0 0 0 1055.2126
P002 35 R 180 0 0 0 1101.8023
P002 36 F 90 1 1 0 798.2998
P002 37 R 60 0 0 0 571.4679
P002 38 L 60 0 0 0 550.5082
P002 39 F 30 0 0 0 514.9565
P002 40 G 120 1 1 0 706.8348
P002 41 F 150 1 1 0 834.565
P002 42 L 180 0 0 0 1123.1732
P002 43 R 60 1 1 0 856.71
P002 44 L 150 0 0 0 911.1999
P002 45 L 0 1 1 0 765.0039
P002 46 L 30 0 0 0 729.9087
P002 47 G 120 0 0 0 811.8029
P002 48 G 90 1 1 0 870.6855
P002 49 F 60 1 1 0 869.4161
P002 50 R 90 0 0 0 1121.5087
P002 51 F 90 0 0 0 1072.921
P002 52 F 150 0 0 0 630.6908
P002 53 R 30 1 1 0 633.9954
P002 54 R 0 1 1 0 704.7776
P002 55 G 30 0 0 0 675.7264
P002 56 L 120 0 0 0 748.8404
P002 57 F 0 1 1 0 1240.7071
P002 58 L 30 1 1 0 736.659
P002 59 R 30 0 0 0 469.0845
P002 60 L 0 1 1 0 589.1841
P002 61 R 150 1 1 0 934.2316
P002 62 F 120 1 1 0 694.4167
P002 63 G 90 1 1 0 738.1944
P002 64 R 30 1 1 0 508.5071
P002 65 R 120 0 0 0 545.8898
P002 66 F 30 0 0 0 506.9211
P002 67 R 0 1 1 0 522.3748
P002 68 L 90 1 1 0 569.39
P002 69 L 150 0 0 0 711.1842
P002 70 R 180 1 1 0 1024.4375
P002 71 L 120 1 1 0 623.3815
P002 72 F 0 0 0 0 500.9575
P002 73 R 150 1 1 0 727.9576
P002 74 R 150 0 0 0 727.9034
P002 75 F 0 0 0 0 567.9624
P002 76 L 30 0 0 0 529.8137
P002 77 F 60 0 0 0 804.3304
P002 78 F 150 0 0 0 487.1424
P002 79 F 60 1 1 0 796.6286
P002 80 G 90 0 0 0 616.5675
P002 81 R 150 0 0 0 559.7494
P002 82 F 60 0 0 0 518.7363
P002 83 F 30 1 1 0 611.7283
P002 84 G 0 0 0 0 509.2672
P002 85 G 60 1 1 0 642.4185
P002 86 G 0 1 1 0 652.0982
P002 87 R 120 1 1 0 743.5277
P002 88 G 150 0 0 0 798.8107
P002 89 L 120 1 1 0 662.2481
P002 90 G 90 0 0 0 606.1969
P002 91 L 150 1 1 0 687.2209
P002 92 L 90 0 0 0 580.6805
P002 93 L 90 0 0 0 525.6626
P002 94 G 0 0 0 0 664.8152
P002 95 G 120 0 0 0 532.4666
P002 96 G 180 1 1 0 758.3802
P002 97 F 180 0 0 0 1037.9059
P002 98 R 60 1 1 0 649.8873
P002 99 R 30 0 0 0 531.8986
P002 100 L 180 1 1 0 915.8097
P002 101 L 30 1 1 0 604.5629
P002 102 G 30 1 1 0 667.0946
P002 103 F 120 1 1 0 659.8981
P002 104 F 90 1 1 0 535.1943
P002 105 F 180 1 1 0 676.5617
P002 106 G 0 1 1 0 613.2816
P002 107 F 180 0 0 0 926.3744
P002 108 L 60 0 0 0 653.2503
P002 109 G 30 0 0 0 532.3657
P002 110 R 180 0 0 0 661.2706
P002 111 L 150 1 1 0 853.8965
P002 112 F 90 0 0 0 654.4315
P002 113 L 180 0 0 0 1031.0626
P002 114 R 120 0 0 0 705.0346
P002 115 L 90 1 1 0 713.1842
P002 116 G 150 0 0 0 776.0154
P002 117 L 60 1 1 0 983.0425
P002 118 G 150 1 1 0 1201.8899
P002 119 G 180 0 1 1 804.776
P002 120 R 90 0 0 0 751.4994
P002 121 R 180 1 1 0 1941.7443
P002 122 R 90 1 1 0 802.5378
P002 123 L 120 0 0 0 662.7541
P002 124 L 60 1 1 0 1030.353
P002 125 L 180 1 1 0 1222.8987
P002 126 G 60 1 1 0 1113.7371
P002 127 L 0 0 0 0 710.3045
P002 128 F 0 1 0 1 1117.2308
P002 129 G 60 0 0 0 823.8365
P002 130 G 30 1 1 0 893.798
P002 131 F 150 1 1 0 745.005
P002 132 F 120 0 0 0 852.0737
P002 133 R 0 0 0 0 744.4871
P002 134 F 30 1 1 0 850.2737
P002 135 G 30 1 1 0 805.829
P002 136 G 30 0 0 0 628.0511
P002 137 L 0 0 0 0 580.5344
P002 138 G 180 1 1 0 1282.2037
P002 139 L 120 1 1 0 651.3937
P002 140 G 150 1 1 0 642.1512
P002 141 R 60 1 1 0 604.5794
P002 142 G 120 1 1 0 887.0686
P002 143 F 180 0 0 0 908.1716
P002 144 F 30 1 1 0 695.437
P002 145 L 30 0 0 0 968.1825
P002 146 G 30 1 1 0 1167.9951
P002 147 R 120 0 0 0 589.3386
P002 148 G 180 1 1 0 1069.8086
P002 149 L 30 1 1 0 583.5613
P002 150 R 180 1 1 0 916.1603
P002 151 R 60 0 0 0 603.9983
P002 152 R 90 0 0 0 753.515
P002 153 F 0 0 0 0 613.5623
P002 154 F 90 0 0 0 528.5876
P002 155 F 60 0 0 0 467.5066
P002 156 G 120 0 0 0 705.8252
P002 157 L 0 1 1 0 563.9287
P002 158 L 150 1 1 0 1199.4167
P002 159 L 90 0 0 0 701.8588
P002 160 G 30 0 0 0 608.4726
P002 161 L 180 1 1 0 927.8565
P002 162 L 180 0 0 0 831.2822
P002 163 G 90 1 1 0 758.8529
P002 164 F 60 1 1 0 714.7936
P002 165 F 90 0 0 0 727.2751
P002 166 R 30 0 0 0 572.7295
P002 167 R 0 0 0 0 494.564
P002 168 G 60 0 0 0 591.6031
P002 169 R 30 1 1 0 661.766
P002 170 F 30 0 0 0 581.304
P002 171 F 0 1 1 0 792.9393
P002 172 G 120 0 0 0 588.5159
P002 173 G 60 1 1 0 1016.8466
P002 174 R 0 1 1 0 743.4531
P002 175 F 180 1 1 0 1334.2651
P002 176 L 60 0 0 0 503.1388
P002 177 F 150 0 0 0 585.4319
P002 178 L 90 1 1 0 1906.0504
P002 179 L 150 0 0 0 691.8709
P002 180 R 150 0 0 0 710.4012
P002 181 R 90 1 1 0 1001.57
P002 182 F 120 0 0 0 586.06
P002 183 F 120 1 1 0 578.5395
P002 184 F 0 1 1 0 640.3132
P002 185 L 60 0 0 0 543.1587
P002 186 G 0 0 0 0 855.9982
P002 187 R 120 1 1 0 593.1664
P002 188 F 60 1 1 0 513.7125
P002 189 G 90 0 0 0 504.5334
P002 190 R 180 0 0 0 846.5869
P002 191 G 0 0 0 0 626.9889
P002 192 G 0 1 1 0 656.0588
P002 193 F 180 1 1 0 761.2456
P002 194 G 90 1 1 0 623.8005
P002 195 G 0 1 1 0 601.3957
P002 196 F 150 1 1 0 642.6146
P002 197 G 60 1 1 0 498.3147
P002 198 R 120 0 0 0 583.8432
P002 199 R 60 1 1 0 493.508
P002 200 R 120 1 1 0 549.2042
P002 201 R 150 1 1 0 97.8365
P002 202 R 180 1 1 0 690.345
P002 203 F 90 1 1 0 590.8444
P002 204 L 30 1 1 0 641.5192
P002 205 R 150 0 0 0 920.9805
P002 206 F 60 0 0 0 594.1127
P002 207 R 30 1 1 0 546.6913
P002 208 L 30 0 0 0 672.5131
P002 209 R 90 1 1 0 692.5025
P002 210 R 30 0 0 0 511.976
P002 211 R 180 0 0 0 544.7488
P002 212 F 90 1 1 0 546.2233
P002 213 L 180 1 1 0 943.309
P002 214 R 60 0 0 0 505.4399
P002 215 G 150 0 0 0 1016.0191
P002 216 L 150 1 1 0 626.5623
P002 217 L 120 0 0 0 810.7592
P002 218 L 0 1 1 0 628.8042
P002 219 L 60 1 1 0 606.6573
P002 220 F 180 0 0 0 1053.6602
P002 221 R 150 1 1 0 710.2095
P002 222 L 180 0 0 0 886.9479
P002 223 G 180 0 1 1 708.506
P002 224 L 60 1 1 0 1229.77
P002 225 L 0 0 0 0 616.0741
P002 226 L 150 0 0 0 1020.6325
P002 227 F 150 1 1 0 653.8728
P002 228 L 90 1 1 0 649.0392
P002 229 R 0 1 1 0 579.5876
P002 230 G 150 0 0 0 1829.0062
P002 231 L 90 0 0 0 586.2538
P002 232 L 120 0 0 0 637.2162
P002 233 F 120 0 0 0 641.5958
P002 234 R 90 0 0 0 616.4242
P002 235 G 120 1 1 0 1549.8165
P002 236 F 150 0 0 0 665.2823
P002 237 G 150 1 1 0 1186.6156
P002 238 L 120 1 1 0 480.7153
P002 239 R 0 0 0 0 520.6285
P002 240 F 120 1 1 0 538.3237
P002 241 F 30 0 0 0 456.4929
P002 242 G 60 0 0 0 854.722
P002 243 G 180 0 0 0 1335.0205
P002 244 F 0 0 0 0 1213.0715
P002 245 G 90 0 0 0 517.4465
