h002 18 F 30 0 1 1 792.0892
h002 19 G 150 0 0 0 1701.3534
h002 20 G 150 1 1 0 1540.7508
h002 21 R 120 1 1 0 915.8139
h002 22 R 30 1 1 0 1234.8919
h002 23 R 90 0 0 0 775.5491
h002 24 L 180 1 1 0 937.7102
h002 25 L 150 1 1 0 912.5353
h002 26 G 30 0 0 0 775.612
h002 27 F 120 0 0 0 638.1803
h002 28 R 30 0 0 0 535.9846
h002 29 R 150 0 0 0 538.7095
h002 30 G 180 0 0 0 687.7061
h002 31 L 0 0 0 0 663.1921
h002 32 R 60 0 0 0 526.8309
h002 33 F 90 0 0 0 499.4688
h002 34 F 180 0 0 0 648.3514
h002 35 G 120 1 1 0 734.2294
h002 36 R 180 0 0 0 911.4156
h002 37 L 90 0 0 0 644.1157
h002 38 R 0 1 1 0 592.2929
h002 39 R 90 1 1 0 642.8669
h002 40 L 120 1 1 0 649.4261
h002 41 G 120 0 0 0 590.4086
h002 42 G 150 1 1 0 589.4819
h002 43 R 0 0 0 0 507.0812
h002 44 R 120 0 0 0 602.8797
h002 45 R 120 0 0 0 466.2081
h002 46 R 60 0 0 0 628.94
h002 47 G 30 0 0 0 668.878
h002 48 G 180 0 0 0 993.1961
h002 49 R 150 1 1 0 1008.2569
h002 50 L 0 1 0 1 708.0959
h002 51 R 60 1 1 0 701.759
h002 52 G 90 0 1 1 1059.0276
h002 53 F 30 1 1 0 583.4311
h002 54 R 30 0 0 0 519.3216
h002 55 L 60 1 1 0 553.4871
h002 56 G 60 0 0 0 573.69
h002 57 F 60 1 1 0 482.5085
h002 58 G 180 1 1 0 570.6169
h002 59 L 30 0 0 0 590.572
h002 60 G 30 1 1 0 583.3822
h002 61 L 120 1 1 0 581.4152
h002 62 F 0 0 0 0 510.093
h002 63 L 60 0 0 0 590.3172
h002 64 R 90 1 1 0 551.9724
h002 65 F 120 0 0 0 490.9554
h002 66 G 180 1 1 0 515.6242
h002 67 G 0 0 0 0 740.2846
h002 68 F 0 1 1 0 651.2034
h002 69 R 150 0 0 0 706.0842
h002 70 R 0 1 1 0 502.2437
h002 71 G 90 1 1 0 548.5395
h002 72 G 0 1 1 0 487.7908
h002 73 L 150 0 0 0 748.0954
h002 74 G 60 0 0 0 480.1725
h002 75 L 30 1 1 0 569.188
h002 76 F 120 1 1 0 577.5762
h002 77 F 60 1 1 0 556.2732
h002 78 F 150 1 1 0 430.9646
h002 79 F 180 1 1 0 471.2585
h002 80 F 60 0 1 1 371.6112
h002 81 F 150 1 1 0 557.6225
h002 82 G 30 1 1 0 488.7624
h002 83 L 150 1 1 0 482.8974
h002 84 L 30 1 1 0 558.1762
h002 85 R 90 0 0 0 479.1623
h002 86 R 180 0 0 0 969.0941
h002 87 F 30 1 1 0 512.718
h002 88 L 90 0 0 0 1360.2173
h002 89 R 150 1 1 0 541.742
h002 90 G 0 0 0 0 483.6645
h002 91 L 90 1 1 0 393.1919
h002 92 G 90 0 0 0 592.6759
h002 93 L 60 0 0 0 529.5022
h002 94 F 0 0 0 0 581.6203
h002 95 R 180 1 1 0 527.1866
h002 96 G 150 0 0 0 607.6862
h002 97 F 180 0 0 0 595.2421
h002 98 F 30 0 0 0 416.492
h002 99 L 180 1 1 0 498.1211
h002 100 G 60 1 1 0 1301.183
h002 101 G 0 1 1 0 620.3263
h002 102 L 180 0 0 0 1210.9472
h002 103 R 120 1 1 0 608.3536
h002 104 L 90 1 1 0 700.5617
h002 105 L 30 0 0 0 657.8501
h002 106 F 150 0 1 1 445.2773
h002 107 F 180 1 1 0 514.0729
h002 108 L 150 0 0 0 918.7939
h002 109 R 180 1 1 0 998.1162
h002 110 L 120 0 0 0 808.9014
h002 111 G 60 1 1 0 1361.473
h002 112 L 120 0 0 0 814.8586
h002 113 L 0 1 1 0 508.4956
h002 114 R 30 1 1 0 489.6187
h002 115 F 90 1 1 0 600.2715
h002 116 L 180 0 1 1 532.7308
h002 117 R 0 0 0 0 660.9262
h002 118 F 60 0 0 0 473.3624
h002 119 F 120 1 1 0 601.3058
h002 120 G 90 1 1 0 612.6161
h002 121 L 0 0 0 0 471.4887
h002 122 G 120 1 1 0 561.1889
h002 123 F 150 0 0 0 953.5111
h002 124 F 90 0 0 0 446.3266
h002 125 L 60 1 1 0 550.9577
h002 126 F 0 1 1 0 523.4288
h002 127 G 120 0 0 0 880.872
h002 128 F 90 1 1 0 571.7238
h002 129 R 60 1 1 0 560.3461
h002 130 G 0 1 1 0 607.6842
h002 131 F 30 0 0 0 544.3312
h002 132 F 150 0 0 0 565.7943
h002 133 G 180 0 1 1 436.546
h002 134 L 120 0 0 0 649.6602
h002 135 R 0 1 1 0 437.6288
h002 136 R 60 0 0 0 420.6345
h002 137 G 150 1 1 0 440.3708
h002 138 L 30 0 0 0 454.4268
h002 139 F 120 0 0 0 546.1465
h002 140 R 90 1 1 0 599.9282
h002 141 F 0 0 0 0 373.7883
h002 142 R 60 1 1 0 442.05
h002 143 F 90 0 1 1 440.3012
h002 144 G 90 1 1 0 644.5978
h002 145 G 150 0 1 1 477.2808
h002 146 L 180 0 1 1 813.7308
h002 147 F 150 1 1 0 806.31
h002 148 G 150 1 1 0 568.2976
h002 149 F 60 0 0 0 528.0288
h002 150 R 90 0 0 0 534.4176
h002 151 L 30 1 1 0 548.8586
h002 152 R 150 1 1 0 863.5461
h002 153 R 60 0 0 0 774.1939
h002 154 G 90 1 1 0 551.7143
h002 155 R 150 0 0 0 695.5702
h002 156 L 0 1 1 0 680.9703
h002 157 F 30 0 0 0 544.6838
h002 158 F 0 0 0 0 382.6925
h002 159 F 30 1 1 0 399.2354
h002 160 L 90 1 1 0 665.669
h002 161 G 120 1 1 0 516.8607
h002 162 G 120 0 0 0 749.5363
h002 163 L 180 1 1 0 458.3644
h002 164 F 180 0 0 0 1176.3582
h002 165 R 120 0 0 0 503.6154
h002 166 R 30 1 1 0 465.1636
h002 167 F 0 1 1 0 573.4933
h002 168 G 60 1 1 0 781.0269
h002 169 G 30 1 1 0 571.2162
h002 170 R 0 1 1 0 878.4678
h002 171 R 150 1 1 0 834.1429
h002 172 F 120 0 0 0 622.3872
h002 173 G 90 0 0 0 912.4718
h002 174 G 120 0 0 0 643.6544
h002 175 G 30 0 0 0 314.502
h002 176 F 60 0 0 0 594.0126
h002 177 R 30 0 0 0 441.6684
h002 178 F 30 1 1 0 568.5203
h002 179 R 120 1 1 0 541.4294
h002 180 R 150 0 1 1 525.7579
h002 181 F 120 1 1 0 593.3475
h002 182 L 150 0 1 1 464.5009
h002 183 R 180 0 1 1 961.5183
h002 184 F 90 1 1 0 1136.3218
h002 185 G 180 1 1 0 986.6796
h002 186 L 150 1 0 1 1240.3808
h002 187 R 120 0 0 0 1331.1083
h002 188 F 180 1 1 0 828.8995
h002 189 L 60 1 1 0 1102.8547
h002 190 L 90 1 1 0 838.2926
h002 191 G 90 0 0 0 1252.7006
h002 192 G 0 0 0 0 427.7479
h002 193 R 30 0 0 0 532.3677
h002 194 L 90 0 0 0 656.0934
h002 195 F 150 1 1 0 542.9802
h002 196 G 0 0 0 0 532.4436
h002 197 G 60 1 1 0 590.6008
h002 198 L 180 1 0 1 731.8763
h002 199 R 180 0 0 0 1408.802
h002 200 G 150 0 0 0 1151.2072
h002 201 L 150 0 0 0 1180.7297
h002 202 L 180 0 1 1 682.3152
h002 203 F 0 1 0 1 662.9781
h002 204 L 60 0 0 0 727.8414
h002 205 F 180 1 1 0 1226.5271
h002 206 F 60 1 1 0 715.572
h002 207 G 180 0 0 0 1341.9639
h002 208 L 60 1 0 1 1255.6236
h002 209 R 30 1 1 0 1493.1618
h002 210 G 0 1 1 0 820.6294
h002 211 R 90 1 1 0 778.3048
h002 212 F 180 0 1 1 1016.7896
h002 213 L 0 1 1 0 1137.639
h002 214 F 120 1 1 0 1374.0453
h002 215 F 60 1 1 0 585.4535
h002 216 L 0 0 0 0 712.1237
h002 217 F 90 0 0 0 625.8094
h002 218 G 30 0 0 0 530.047
h002 219 L 0 0 0 0 437.3886
h002 220 F 90 1 1 0 559.7737
h002 221 L 120 0 0 0 825.7695
h002 222 R 0 0 0 0 455.6236
h002 223 R 0 0 0 0 293.8742
h002 224 L 150 1 1 0 478.0901
h002 225 L 30 1 1 0 627.7264
h002 226 R 120 1 1 0 1283.9204
h002 227 G 30 1 1 0 515.2216
h002 228 F 150 0 0 0 694.0209
h002 229 G 180 1 1 0 742.053
h002 230 L 120 1 1 0 619.9562
h002 231 R 180 1 1 0 677.9814
h002 232 G 60 0 0 0 787.8085
h002 233 R 60 1 1 0 533.0387
h002 234 L 120 1 1 0 745.6336
h002 235 L 60 0 0 0 640.242
h002 236 G 120 1 1 0 707.6863
h002 237 R 180 1 1 0 946.7058
h002 238 R 90 0 1 1 661.8218
h002 239 L 30 0 0 0 609.2922
h002 240 L 90 0 0 0 499.3654
h002 241 G 60 0 0 0 484.4632
