L006 20 L 180 1 0 1 1307.3008
L006 21 R 0 1 1 0 837.3265
L006 22 G 30 1 1 0 925.405
L006 23 L 150 0 1 1 1222.3674
L006 24 L 180 0 0 0 1387.5353
L006 25 G 120 0 0 0 995.1047
L006 26 G 150 0 0 0 534.4087
L006 27 L 90 0 0 0 676.1988
L006 28 L 30 0 0 0 520.8975
L006 29 G 120 1 1 0 1438.694
L006 30 G 180 0 1 1 1348.9826
L006 31 G 120 1 9997 1 2000.0349
L006 32 R 90 1 0 1 1735.9555
L006 33 L 30 1 1 0 765.5026
L006 34 L 60 0 0 0 1025.9474
L006 35 F 0 1 1 0 819.4997
L006 36 F 30 0 0 0 946.7036
L006 37 R 150 0 0 0 870.2617
L006 38 R 150 1 1 0 1042.9532
L006 39 L 90 1 1 0 1375.2058
L006 40 G 90 0 0 0 737.349
L006 41 L 0 0 0 0 1290.6638
L006 42 F 90 0 0 0 830.9363
L006 43 R 120 0 0 0 806.2617
L006 44 G 90 1 1 0 559.1328
L006 45 L 150 1 0 1 996.3087
L006 46 F 150 0 0 0 1470.7892
L006 47 L 60 1 1 0 799.912
L006 48 R 150 0 0 0 1186.4455
L006 49 G 60 1 1 0 756.8135
L006 50 R 150 1 1 0 1133.7868
L006 51 R 30 0 0 0 926.7426
L006 52 R 60 0 0 0 900.0873
L006 53 R 30 0 0 0 554.3054
L006 54 F 0 1 1 0 662.696
L006 55 L 30 0 0 0 1362.5522
L006 56 R 0 0 0 0 989.8062
L006 57 L 60 0 0 0 770.3812
L006 58 G 60 0 0 0 819.4743
L006 59 R 30 1 1 0 666.2623
L006 60 F 120 1 1 0 808.995
L006 61 G 0 0 0 0 793.7763
L006 62 L 180 1 0 1 1424.6665
L006 63 R 60 1 1 0 1057.1045
L006 64 F 180 0 0 0 1610.0915
L006 65 F 150 1 0 1 1034.2217
L006 66 G 0 1 1 0 604.4251
L006 67 R 0 1 1 0 510.6632
L006 68 L 180 0 0 0 1372.8932
L006 69 L 30 1 1 0 715.3158
L006 70 F 60 0 0 0 902.4566
L006 71 F 30 1 1 0 724.4407
L006 72 F 180 0 1 1 1355.4005
L006 73 G 150 1 1 0 828.8743
L006 74 R 120 1 0 1 936.0891
L006 75 G 90 0 0 0 840.8412
L006 76 F 60 1 1 0 801.9581
L006 77 F 90 0 0 0 864.7146
L006 78 G 60 1 1 0 783.9913
L006 79 F 60 0 0 0 1080.1677
L006 80 F 0 0 1 1 867.7734
L006 81 G 0 0 0 0 982.5458
L006 82 G 180 1 1 0 763.4118
L006 83 L 0 1 1 0 1102.6413
L006 84 F 0 0 0 0 622.5601
L006 85 F 30 1 1 0 857.1584
L006 86 F 60 1 1 0 521.901
L006 87 L 0 0 0 0 693.6613
L006 88 F 120 0 0 0 1475.254
L006 89 G 60 0 0 0 877.2883
L006 90 L 120 0 1 1 1179.2476
L006 91 G 30 0 0 0 596.3529
L006 92 G 150 1 1 0 985.8219
L006 93 G 150 0 0 0 864.0464
L006 94 G 90 1 0 1 1076.4896
L006 95 R 60 0 0 0 877.1408
L006 96 L 120 1 0 1 954.6814
L006 97 L 150 0 0 0 1082.3881
L006 98 R 60 1 1 0 909.2874
L006 99 R 90 1 0 1 678.5234
L006 100 R 180 1 9997 1 2000.0397
L006 101 R 90 0 0 0 1023.6566
L006 102 R 120 1 0 1 1196.2115
L006 103 L 90 1 1 0 695.2303
L006 104 G 180 0 0 0 1260.9957
L006 105 R 0 0 0 0 728.6518
L006 106 F 150 0 0 0 1007.3124
L006 107 L 0 1 1 0 615.4891
L006 108 L 60 1 1 0 1257.5006
L006 109 R 180 0 0 0 1266.2269
L006 110 R 180 0 0 0 558.9434
L006 111 F 30 0 0 0 887.8355
L006 112 L 90 0 0 0 1013.2064
L006 113 G 120 0 0 0 731.3695
L006 114 F 90 1 1 0 741.0037
L006 115 L 120 0 0 0 976.2386
L006 116 G 30 1 1 0 759.3842
L006 117 F 180 1 1 0 1728.3308
L006 118 R 180 1 0 1 1202.7043
L006 119 G 180 1 1 0 1508.0727
L006 120 F 180 1 9997 1 2000.0327
L006 121 G 0 1 1 0 768.2543
L006 122 R 90 0 0 0 616.1657
L006 123 F 150 1 0 1 747.1891
L006 124 F 90 1 1 0 1352.2199
L006 125 R 120 0 0 0 1508.9485
L006 126 L 120 1 1 0 1362.2122
L006 127 L 150 1 1 0 692.1019
L006 128 F 120 0 0 0 1734.4981
L006 129 G 30 0 0 0 1319.7454
L006 130 R 30 1 0 1 1637.2572
L006 131 F 120 1 1 0 1022.3618
L006 132 F 150 0 0 0 1697.404
L006 133 L 30 0 0 0 1376.78
L006 134 F 90 1 1 0 659.1293
L006 135 F 150 1 1 0 1170.2071
L006 136 F 90 0 0 0 745.2838
L006 137 G 60 1 1 0 670.9992
L006 138 G 180 1 0 1 1265.8413
L006 139 L 120 1 1 0 1245.7796
L006 140 G 30 1 1 0 1667.0786
L006 141 L 30 1 1 0 1285.9425
L006 142 F 180 0 0 0 1084.3236
L006 143 F 0 0 0 0 681.0542
L006 144 G 120 0 0 0 968.1473
L006 145 F 60 0 0 0 857.5453
L006 146 G 120 0 0 0 1062.0417
L006 147 R 180 1 0 1 1527.5427
L006 148 R 120 1 0 1 1103.5456
L006 149 G 180 0 0 0 1414.2331
L006 150 R 0 1 1 0 828.8528
L006 151 G 60 1 9997 1 2000.0383
L006 152 R 150 0 0 0 1450.3212
L006 153 R 0 1 1 0 1533.91
L006 154 L 0 0 0 0 940.2801
L006 155 R 30 1 1 0 634.5762
L006 156 R 90 0 0 0 731.1968
L006 157 L 120 0 0 0 904.6496
L006 158 L 0 0 0 0 579.3594
L006 159 G 120 1 1 0 1041.5561
L006 160 F 150 0 0 0 599.8268
L006 161 F 30 1 1 0 674.06
L006 162 R 30 0 0 0 636.5915
L006 163 G 180 1 1 0 908.1475
L006 164 R 150 1 0 1 797.6095
L006 165 R 60 0 0 0 939.1895
L006 166 G 30 0 0 0 1064.2364
L006 167 R 180 0 0 0 946.677
L006 168 L 90 1 1 0 904.7362
L006 169 F 90 1 0 1 1082.1482
L006 170 G 90 0 0 0 987.4191
L006 171 G 60 0 0 0 923.6017
L006 172 G 0 0 0 0 450.6288
L006 173 L 0 1 1 0 580.9437
L006 174 R 60 0 0 0 664.4833
L006 175 L 150 1 1 0 904.7882
L006 176 F 0 0 0 0 1359.8147
L006 177 F 120 1 1 0 940.9972
L006 178 R 0 0 0 0 740.2631
L006 179 L 0 1 1 0 546.5549
L006 180 L 90 0 0 0 829.8834
L006 181 R 60 1 1 0 735.4686
L006 182 G 0 1 1 0 670.6081
L006 183 G 90 1 1 0 737.3373
L006 184 G 120 1 1 0 781.8421
L006 185 F 90 0 0 0 696.3751
L006 186 L 120 0 0 0 1024.488
L006 187 R 30 1 1 0 957.4954
L006 188 L 150 1 1 0 1072.0055
L006 189 R 120 0 0 0 1015.4601
L006 190 L 120 1 1 0 911.1717
L006 191 G 0 1 1 0 1265.9045
L006 192 F 120 0 0 0 827.9572
L006 193 R 180 0 0 0 1330.5786
L006 194 R 0 0 0 0 668.7551
L006 195 G 60 0 0 0 1046.1732
L006 196 R 90 1 0 1 1003.1985
L006 197 F 150 1 1 0 1066.2978
L006 198 F 30 0 0 0 1376.9429
L006 199 L 90 1 1 0 1118.7492
L006 200 F 30 0 0 0 833.8468
L006 201 G 30 0 0 0 552.8306
L006 202 F 30 1 1 0 526.449
L006 203 F 120 0 0 0 823.5248
L006 204 L 180 1 1 0 831.6613
L006 205 F 60 0 0 0 636.5605
L006 206 G 90 0 0 0 805.5312
L006 207 F 60 1 1 0 533.6701
L006 208 G 180 0 0 0 1681.383
L006 209 G 90 1 1 0 1194.7647
L006 210 L 90 0 0 0 1541.4565
L006 211 R 90 0 0 0 808.8148
L006 212 L 150 0 1 1 1015.2648
L006 213 L 60 1 1 0 811.433
L006 214 L 60 1 1 0 620.2439
L006 215 L 180 1 1 0 1175.5416
L006 216 L 60 0 0 0 716.8894
L006 217 G 150 1 1 0 1033.2822
L006 218 R 180 1 0 1 1329.5771
L006 219 F 180 1 1 0 1252.9017
L006 220 L 150 0 0 0 1091.6684
L006 221 R 120 1 0 1 810.9821
L006 222 L 60 0 0 0 827.744
L006 223 F 0 1 1 0 531.329
L006 224 F 180 1 0 1 1272.0754
L006 225 G 30 1 1 0 978.6336
L006 226 G 150 1 1 0 1475.223
L006 227 L 180 0 0 0 1182.7422
L006 228 R 120 0 0 0 795.4964
L006 229 F 60 1 1 0 944.7757
L006 230 F 180 0 0 0 1429.0691
L006 231 G 0 0 1 1 802.3662
L006 232 L 180 0 1 1 1456.013
L006 233 F 0 1 1 0 900.7438
L006 234 L 30 0 0 0 496.8285
L006 235 R 150 1 0 1 742.2843
L006 236 F 120 1 1 0 766.5899
L006 237 R 150 0 0 0 806.4545
L006 238 G 150 0 0 0 980.2883
L006 239 R 30 0 0 0 969.0762
L006 240 L 30 1 1 0 1028.1796
L006 241 G 150 0 0 0 589.0397
L006 242 R 90 1 0 1 929.2444
L006 243 R 60 1 0 1 513.0317
