F009 19 F 180 1 1 0 1775.8098
F009 20 R 150 0 0 0 1492.1788
F009 21 L 60 1 1 0 849.4504
F009 22 G 60 1 1 0 1107.6168
F009 23 L 150 0 1 1 878.0541
F009 24 F 60 1 1 0 915.6088
F009 25 G 150 0 0 0 603.3736
F009 26 G 150 1 1 0 728.3378
F009 27 G 60 0 0 0 584.1136
F009 28 R 180 1 1 0 887.2974
F009 29 R 150 1 1 0 609.6934
F009 30 R 90 1 1 0 610.4368
F009 31 L 60 0 0 0 628.992
F009 32 F 60 1 1 0 1249.2007
F009 33 R 120 1 0 1 652.631
F009 34 L 0 1 1 0 684.856
F009 35 L 0 0 0 0 607.9172
F009 36 F 30 1 1 0 616.9041
F009 37 F 90 0 0 0 732.6046
F009 38 L 60 1 1 0 680.5485
F009 39 G 90 0 0 0 672.581
F009 40 F 180 1 1 0 595.6372
F009 41 L 120 0 0 0 554.3291
F009 42 R 120 0 0 0 943.8401
F009 43 G 90 1 1 0 1169.7462
F009 44 R 30 1 1 0 670.2723
F009 45 G 90 1 1 0 856.85
F009 46 G 0 1 1 0 718.3871
F009 47 R 0 0 0 0 519.6803
F009 48 L 90 0 0 0 635.4548
F009 49 L 90 0 0 0 564.2374
F009 50 G 180 1 1 0 578.8658
F009 51 L 30 0 0 0 508.5859
F009 52 F 180 0 1 1 737.4792
F009 53 R 180 0 1 1 621.5899
F009 54 F 90 0 0 0 664.8261
F009 55 L 150 1 1 0 632.8128
F009 56 R 60 0 0 0 632.7746
F009 57 G 0 1 1 0 555.8533
F009 58 F 120 1 1 0 660.7303
F009 59 L 90 1 1 0 730.314
F009 60 G 150 0 0 0 807.2736
F009 61 F 180 0 0 0 680.7156
F009 62 F 0 0 0 0 474.3061
F009 63 L 90 1 1 0 537.6843
F009 64 G 180 0 1 1 604.1257
F009 65 F 150 0 0 0 523.2483
F009 66 G 150 1 1 0 585.3515
F009 67 L 180 0 1 1 562.7307
F009 68 F 120 0 0 0 558.2539
F009 69 R 30 1 1 0 590.9092
F009 70 G 180 1 1 0 611.9934
F009 71 R 30 0 0 0 432.0588
F009 72 L 0 0 0 0 589.9842
F009 73 G 120 0 0 0 690.1461
F009 74 F 0 1 1 0 664.5917
F009 75 R 90 0 0 0 497.4216
F009 76 F 150 1 1 0 582.6257
F009 77 G 30 0 0 0 416.1956
F009 78 R 60 1 1 0 502.7703
F009 79 F 30 0 0 0 495.1439
F009 80 R 150 0 0 0 537.0716
F009 81 R 90 0 0 0 424.4154
F009 82 R 0 0 0 0 381.4622
F009 83 L 120 0 0 0 576.6861
F009 84 F 150 1 1 0 572.8776
F009 85 R 150 1 1 0 589.419
F009 86 R 0 1 1 0 504.9888
F009 87 F 60 0 0 0 490.642
F009 88 F 0 1 1 0 542.0491
F009 89 G 120 1 1 0 593.852
F009 90 L 30 1 1 0 568.0035
F009 91 R 120 1 1 0 518.2011
F009 92 G 90 0 0 0 676.7081
F009 93 F 30 1 1 0 554.1196
F009 94 F 30 0 0 0 378.4182
F009 95 R 60 1 1 0 503.0511
F009 96 R 90 1 1 0 467.1379
F009 97 F 150 0 0 0 604.6514
F009 98 L 180 1 1 0 628.4818
F009 99 G 60 0 0 0 782.6495
F009 100 L 120 1 1 0 921.8641
F009 101 G 30 1 1 0 613.7666
F009 102 G 60 1 1 0 567.7671
F009 103 L 180 1 1 0 816.4515
F009 104 G 120 0 0 0 517.0302
F009 105 L 30 0 0 0 539.6887
F009 106 R 120 0 0 0 743.7996
F009 107 R 0 1 1 0 599.9614
F009 108 R 180 1 1 0 1005.7024
F009 109 L 120 1 1 0 568.8706
F009 110 R 180 0 0 0 767.702
F009 111 G 180 0 0 0 1244.4299
F009 112 L 150 0 0 0 542.8371
F009 113 L 30 1 1 0 520.6184
F009 114 G 120 1 1 0 731.5701
F009 115 F 60 0 0 0 462.0945
F009 116 G 30 0 0 0 517.8608
F009 117 F 120 1 1 0 1073.7912
F009 118 L 60 0 0 0 515.5192
F009 119 L 180 0 1 1 737.2194
F009 120 G 30 1 1 0 659.9073
F009 121 G 0 0 0 0 451.5599
F009 122 F 90 1 1 0 591.6596
F009 123 F 90 1 1 0 557.4161
F009 124 R 30 0 0 0 451.2688
F009 125 R 60 0 0 0 812.239
F009 126 L 0 1 1 0 1347.217
F009 127 G 0 0 0 0 503.1483
F009 128 L 150 1 1 0 952.9334
F009 129 F 0 0 0 0 512.8233
F009 130 F 120 0 0 0 463.5653
F009 131 G 30 0 0 0 472.6562
F009 132 L 60 1 1 0 695.3677
F009 133 G 150 1 1 0 573.7598
F009 134 G 120 1 1 0 439.1564
F009 135 R 30 0 0 0 497.1936
F009 136 G 120 0 0 0 701.7713
F009 137 G 30 1 1 0 566.1817
F009 138 L 60 1 1 0 564.5955
F009 139 F 90 1 1 0 642.2554
F009 140 R 180 0 1 1 590.1211
F009 141 G 60 1 1 0 686.6959
F009 142 L 150 1 1 0 704.1574
F009 143 G 90 1 1 0 907.0376
F009 144 F 180 0 1 1 508.7236
F009 145 R 90 1 1 0 701.8236
F009 146 G 90 0 0 0 509.5762
F009 147 R 0 0 0 0 459.7319
F009 148 R 0 0 0 0 387.1537
F009 149 R 180 0 0 0 934.9141
F009 150 F 0 0 0 0 481.3777
F009 151 L 0 0 0 0 434.2571
F009 152 R 30 0 0 0 362.3745
F009 153 F 60 1 1 0 632.2334
F009 154 L 0 0 0 0 394.0059
F009 155 L 90 0 0 0 565.8194
F009 156 L 30 0 0 0 390.2228
F009 157 G 150 1 1 0 613.5685
F009 158 L 90 1 1 0 620.7979
F009 159 L 30 1 1 0 520.7757
F009 160 G 120 0 0 0 517.2196
F009 161 F 150 0 0 0 636.1367
F009 162 R 0 1 1 0 537.6697
F009 163 F 90 0 0 0 378.3984
F009 164 L 30 0 1 1 423.6516
F009 165 F 60 0 0 0 523.7699
F009 166 G 30 1 1 0 722.8846
F009 167 L 30 1 1 0 811.7085
F009 168 F 180 1 1 0 1171.7073
F009 169 R 60 1 1 0 570.8399
F009 170 F 120 1 1 0 474.5852
F009 171 R 120 1 1 0 510.5319
F009 172 L 0 1 1 0 712.5168
F009 173 G 0 0 0 0 483.2285
F009 174 G 150 0 0 0 730.9661
F009 175 L 150 1 1 0 776.2163
F009 176 F 60 1 1 0 606.9037
F009 177 F 90 0 0 0 526.4784
F009 178 L 120 1 1 0 550.7829
F009 179 L 120 0 0 0 573.5078
F009 180 F 120 0 0 0 461.0684
F009 181 F 120 0 0 0 456.7966
F009 182 R 120 1 1 0 531.6307
F009 183 F 30 1 1 0 647.3552
F009 184 F 0 1 1 0 766.6988
F009 185 L 120 0 0 0 720.1222
F009 186 R 30 1 1 0 492.6629
F009 187 R 150 0 0 0 617.8671
F009 188 F 30 1 1 0 592.4169
F009 189 L 150 0 0 0 574.58
F009 190 L 180 1 1 0 742.7497
F009 191 R 150 1 1 0 771.8361
F009 192 R 60 0 0 0 623.7745
F009 193 G 0 0 0 0 481.1785
F009 194 R 60 0 0 0 439.0628
F009 195 F 180 1 1 0 557.7949
F009 196 F 90 1 1 0 545.0142
F009 197 R 90 1 1 0 531.5519
F009 198 L 0 1 1 0 620.1646
F009 199 F 150 1 1 0 812.8913
F009 200 F 60 0 0 0 453.9373
F009 201 F 0 0 0 0 411.649
F009 202 R 60 1 1 0 507.767
F009 203 F 180 0 0 0 859.4581
F009 204 G 60 0 0 0 468.8263
F009 205 G 0 1 1 0 714.3724
F009 206 R 150 1 1 0 645.9025
F009 207 G 60 0 0 0 379.938
F009 208 R 120 0 0 0 806.2776
F009 209 L 120 1 1 0 573.8805
F009 210 L 90 0 0 0 503.8336
F009 211 R 120 0 0 0 586.3435
F009 212 F 0 1 1 0 560.1662
F009 213 F 120 1 1 0 567.1567
F009 214 L 60 0 0 0 430.2541
F009 215 R 30 1 1 0 517.2032
F009 216 G 30 0 0 0 413.3168
F009 217 L 180 0 1 1 470.4992
F009 218 L 180 0 0 0 395.3042
F009 219 R 90 0 0 0 468.1662
F009 220 G 120 1 1 0 499.078
F009 221 G 60 1 1 0 528.4828
F009 222 L 60 0 0 0 403.6985
F009 223 L 180 1 1 0 528.9147
F009 224 R 180 1 1 0 1035.3933
F009 225 G 180 1 1 0 742.372
F009 226 F 150 1 1 0 550.5166
F009 227 G 0 1 1 0 520.4502
F009 228 L 90 1 1 0 532.9423
F009 229 G 90 0 0 0 494.6517
F009 230 F 30 0 0 0 469.0415
F009 231 G 180 1 1 0 510.0073
F009 232 G 150 0 0 0 572.3959
F009 233 G 180 0 0 0 870.2519
F009 234 G 180 0 0 0 419.3807
F009 235 R 180 1 1 0 509.7545
F009 236 F 150 0 0 0 491.5287
F009 237 R 150 0 0 0 475.1149
F009 238 G 90 1 1 0 723.4473
F009 239 L 150 0 0 0 520.2069
F009 240 R 0 1 1 0 658.9497
F009 241 F 30 0 0 0 332.6322
F009 242 R 90 0 0 0 539.1353
