B999 16 G 0 0 0 0 928.2194
B999 17 G 120 1 1 0 831.9063
B999 18 F 120 1 9997 1 2000.0422
B999 19 F 90 1 1 0 886.6585
B999 20 F 180 1 1 0 1453.5331
B999 21 F 150 0 0 0 913.1029
B999 22 R 150 1 1 0 1000.0858
B999 23 G 150 0 1 1 741.7133
B999 24 R 90 0 0 0 1107.1519
B999 25 R 90 1 1 0 741.5571
B999 26 F 120 0 0 0 837.4847
B999 27 R 180 1 1 0 1563.0107
B999 28 L 30 1 1 0 946.6259
B999 29 L 90 1 1 0 712.9132
B999 30 G 60 0 0 0 643.1527
B999 31 G 60 1 1 0 705.7067
B999 32 F 60 1 0 1 915.1314
B999 33 G 120 0 0 0 817.2963
B999 34 R 180 1 1 0 1211.9518
B999 35 G 60 0 0 0 748.8334
B999 36 F 30 0 0 0 687.1723
B999 37 L 90 0 0 0 717.2163
B999 38 G 30 1 1 0 634.0616
B999 39 F 0 0 0 0 804.6506
B999 40 F 150 1 1 0 719.2369
B999 41 F 30 0 0 0 585.9284
B999 42 G 120 1 1 0 803.9977
B999 43 G 180 1 1 0 596.3532
B999 44 L 180 0 0 0 1281.9948
B999 45 G 90 0 0 0 646.6146
B999 46 R 120 0 0 0 797.6665
B999 47 L 60 1 1 0 695.6457
B999 48 F 90 1 1 0 1297.4643
B999 49 R 60 0 0 0 564.7251
B999 50 G 180 0 0 0 1371.1634
B999 51 R 60 0 0 0 645.9382
B999 52 F 30 1 1 0 655.7219
B999 53 L 30 1 1 0 1908.7102
B999 54 R 180 0 0 0 1140.6872
B999 55 F 180 0 0 0 646.3151
B999 56 L 150 1 1 0 1179.0283
B999 57 G 90 1 1 0 705.6933
B999 58 G 180 0 0 0 1084.4331
B999 59 R 180 0 0 0 572.3009
B999 60 G 150 0 0 0 688.1743
B999 61 R 120 1 1 0 680.137
B999 62 L 90 1 1 0 858.0895
B999 63 R 90 0 0 0 580.3509
B999 64 F 90 0 0 0 649.0146
B999 65 L 120 1 1 0 1098.6229
B999 66 R 30 1 1 0 939.0269
B999 67 F 150 0 0 0 940.3575
B999 68 L 0 1 1 0 526.2202
B999 69 F 90 0 0 0 604.9822
B999 70 L 30 0 0 0 625.8787
B999 71 R 0 1 1 0 654.61
B999 72 R 120 0 0 0 1062.7328
B999 73 L 0 1 1 0 654.1689
B999 74 L 180 1 1 0 911.672
B999 75 F 60 1 1 0 845.8885
B999 76 L 60 0 0 0 571.8299
B999 77 L 60 1 0 1 545.7775
B999 78 L 120 1 1 0 706.537
B999 79 F 120 0 0 0 578.1964
B999 80 R 120 1 1 0 798.0637
B999 81 G 0 0 0 0 619.9045
B999 82 L 120 0 0 0 970.111
B999 83 G 30 0 0 0 609.9376
B999 84 F 60 0 0 0 602.2562
B999 85 G 150 1 1 0 726.8231
B999 86 R 30 1 1 0 850.4796
B999 87 L 150 1 1 0 1367.9889
B999 88 L 0 0 0 0 601.6935
B999 89 L 60 0 0 0 642.785
B999 90 G 60 1 1 0 630.2538
B999 91 F 120 1 1 0 1033.2858
B999 92 F 0 0 0 0 650.9866
B999 93 L 90 0 0 0 973.0812
B999 94 G 0 1 1 0 551.6852
B999 95 R 0 0 0 0 880.1359
B999 96 L 0 0 0 0 425.8561
B999 97 R 150 0 1 1 509.2812
B999 98 F 60 0 0 0 618.5272
B999 99 G 90 0 0 0 833.1886
B999 100 L 180 1 1 0 636.5764
B999 101 R 0 0 0 0 670.9654
B999 102 F 0 1 1 0 493.2255
B999 103 F 150 1 1 0 1191.2293
B999 104 G 180 1 1 0 564.6028
B999 105 L 120 0 1 1 748.1219
B999 106 F 0 1 1 0 710.2249
B999 107 R 30 0 0 0 529.3463
B999 108 G 90 1 1 0 686.3551
B999 109 R 60 1 1 0 725.7593
B999 110 R 60 1 1 0 606.8037
B999 111 R 0 1 1 0 566.5402
B999 112 F 30 1 1 0 634.6133
B999 113 G 30 1 1 0 591.0561
B999 114 R 30 0 0 0 797.353
B999 115 G 150 1 1 0 747.2271
B999 116 L 150 0 0 0 966.4703
B999 117 R 150 1 1 0 1435.6361
B999 118 G 30 0 0 0 733.6882
B999 119 F 180 0 0 0 1243.1153
B999 120 G 120 0 0 0 585.5219
B999 121 L 180 0 0 0 906.8734
B999 122 G 0 1 1 0 837.7503
B999 123 R 150 0 0 0 693.5342
B999 124 R 90 1 1 0 1218.5269
B999 125 F 180 1 1 0 1020.3973
B999 126 L 30 0 0 0 796.5155
B999 127 L 150 0 0 0 796.9379
B999 128 L 30 0 0 0 549.7978
B999 129 F 180 0 1 1 696.6047
B999 130 R 30 1 1 0 668.9012
B999 131 L 120 1 1 0 650.4274
B999 132 L 60 1 1 0 576.6062
B999 133 R 0 0 0 0 607.1481
B999 134 R 90 0 0 0 510.045
B999 135 F 180 1 1 0 580.5241
B999 136 R 180 1 1 0 550.23
B999 137 L 120 0 0 0 695.5594
B999 138 R 60 1 1 0 623.6312
B999 139 F 90 1 1 0 565.354
B999 140 R 180 0 1 1 901.4914
B999 141 L 30 0 0 0 553.755
B999 142 R 0 1 1 0 655.7495
B999 143 F 0 0 0 0 759.953
B999 144 L 120 1 9997 1 2000.0397
B999 145 R 30 1 1 0 657.7671
B999 146 G 30 1 1 0 454.0013
B999 147 G 90 1 1 0 358.9811
B999 148 L 180 0 1 1 306.9848
B999 149 L 150 1 1 0 767.1509
B999 150 R 120 1 1 0 808.8212
B999 151 R 150 0 0 0 593.5073
B999 152 G 120 0 0 0 520.2815
B999 153 R 60 0 0 0 404.1637
B999 154 L 90 1 1 0 844.2048
B999 155 R 0 1 0 1 427.3795
B999 156 G 30 1 1 0 744.8354
B999 157 F 120 1 1 0 920.8209
B999 158 L 0 1 1 0 615.7439
B999 159 G 120 0 0 0 748.2512
B999 160 L 0 1 1 0 855.1221
B999 161 L 180 1 1 0 1182.1198
B999 162 F 120 0 0 0 804.7134
B999 163 F 60 0 0 0 538.2106
B999 164 G 120 1 1 0 789.9828
B999 165 R 180 1 0 1 812.1837
B999 166 G 150 1 1 0 1604.9392
B999 167 G 0 1 1 0 780.352
B999 168 R 150 0 0 0 981.1236
B999 169 F 60 1 1 0 768.2362
B999 170 L 120 0 0 0 725.1416
B999 171 R 0 0 0 0 586.5625
B999 172 G 30 0 0 0 528.1831
B999 173 G 0 0 0 0 420.7755
B999 174 R 30 0 0 0 578.319
B999 175 R 60 1 1 0 565.7708
B999 176 R 120 0 1 1 550.1428
B999 177 F 120 0 0 0 803.7304
B999 178 L 60 0 0 0 621.1362
B999 179 F 90 0 0 0 459.2793
B999 180 R 150 1 1 0 577.7609
B999 181 F 60 0 0 0 645.7282
B999 182 G 150 0 0 0 1018.9144
B999 183 L 30 1 1 0 691.8636
B999 184 G 180 0 1 1 510.0668
B999 185 F 30 1 1 0 624.8685
B999 186 F 150 1 1 0 457.645
B999 187 F 90 0 1 1 408.3363
B999 188 R 120 1 1 0 675.9739
B999 189 G 30 0 0 0 632.6162
B999 190 F 180 0 0 0 891.6832
B999 191 R 90 0 0 0 581.9097
B999 192 G 60 0 0 0 562.4363
B999 193 L 180 1 1 0 585.1713
B999 194 G 60 1 1 0 694.4033
B999 195 L 90 1 1 0 735.836
B999 196 F 0 0 0 0 559.903
B999 197 G 90 1 1 0 648.8836
B999 198 G 150 1 1 0 693.5778
B999 199 G 180 0 1 1 572.5297
B999 200 L 90 0 0 0 674.1049
B999 201 G 0 1 1 0 511.0219
B999 202 F 120 1 1 0 579.2063
B999 203 G 60 0 0 0 414.5647
B999 204 R 60 0 1 1 339.6767
B999 205 F 0 1 1 0 629.9021
B999 206 L 60 0 0 0 671.9533
B999 207 L 150 1 1 0 1673.413
B999 208 F 30 0 0 0 507.9514
B999 209 R 150 1 1 0 803.0828
B999 210 L 150 0 0 0 749.7366
B999 211 F 60 1 1 0 600.5839
B999 212 R 180 0 1 1 883.2852
B999 213 L 60 1 1 0 1326.0557
B999 214 L 0 0 0 0 542.6377
B999 215 G 0 0 0 0 595.0301
B999 216 L 90 0 0 0 747.3816
B999 217 R 90 1 1 0 543.673
B999 218 G 90 0 0 0 868.6406
B999 219 F 30 0 0 0 607.6278
B999 220 G 120 1 1 0 882.8209
B999 221 G 180 1 1 0 1153.5553
B999 222 G 150 0 0 0 699.6906
B999 223 F 150 1 1 0 892.2617
B999 224 F 30 1 1 0 843.9693
B999 225 G 90 0 0 0 547.5095
B999 226 R 90 1 1 0 1018.6496
B999 227 F 180 1 1 0 1044.1989
B999 228 F 0 1 1 0 700.7838
B999 229 L 180 0 1 1 734.3076
B999 230 L 150 0 0 0 604.8051
B999 231 R 120 0 0 0 591.5218
B999 232 G 180 1 1 0 991.3316
B999 233 F 90 1 1 0 1168.7092
B999 234 F 150 0 0 0 1330.1705
B999 235 F 150 0 0 0 437.4095
B999 236 R 30 0 1 1 742.6961
B999 237 G 60 1 1 0 777.4885
B999 238 L 30 1 0 1 741.5887
B999 239 L 0 0 0 0 547.973
