C003 16 R 60 0 0 0 1052.0606
C003 17 R 120 0 1 1 1908.7089
C003 18 R 90 1 1 0 1208.4538
C003 19 L 0 1 1 0 1136.8797
C003 20 L 60 1 1 0 1663.6553
C003 21 G 150 0 0 0 1544.3711
C003 22 G 90 0 0 0 1465.4294
C003 23 R 0 0 1 1 804.0766
C003 24 L 30 1 1 0 1444.2982
C003 25 G 150 0 0 0 1016.1364
C003 26 R 150 1 1 0 1245.1252
C003 27 L 150 0 0 0 1196.7626
C003 28 L 120 0 0 0 913.1316
C003 29 F 180 0 0 0 1369.0367
C003 30 R 180 0 0 0 1487.9691
C003 31 R 0 1 1 0 1109.6998
C003 32 R 120 1 1 0 859.7712
C003 33 G 60 1 1 0 1038.1589
C003 34 L 150 0 0 0 1006.8344
C003 35 G 30 0 0 0 942.3849
C003 36 F 150 1 1 0 972.5261
C003 37 G 60 0 0 0 790.7585
C003 38 G 90 1 1 0 897.1558
C003 39 G 150 1 1 0 941.4966
C003 40 R 60 1 1 0 850.9995
C003 41 R 180 1 1 0 1620.5916
C003 42 R 180 1 1 0 1107.9059
C003 43 G 150 1 1 0 897.2554
C003 44 R 0 1 1 0 1036.0507
C003 45 G 120 1 1 0 907.2379
C003 46 R 90 1 1 0 1000.1771
C003 47 L 30 1 1 0 952.9438
C003 48 L 60 0 0 0 833.1644
C003 49 F 60 1 1 0 1033.7805
C003 50 G 30 0 0 0 1306.5312
C003 51 R 60 0 0 0 940.5121
C003 52 F 30 0 0 0 715.0851
C003 53 R 90 0 0 0 761.6943
C003 54 F 0 1 1 0 1054.7183
C003 55 L 30 0 0 0 1010.966
C003 56 F 150 0 0 0 1839.8872
C003 57 F 0 0 0 0 619.6321
C003 58 F 90 0 0 0 597.1949
C003 59 G 30 1 1 0 770.6922
C003 60 L 90 0 0 0 904.2188
C003 61 G 0 1 1 0 708.3176
C003 62 F 90 0 0 0 1109.6103
C003 63 F 0 1 1 0 799.1203
C003 64 L 120 1 1 0 979.5646
C003 65 F 180 1 1 0 1200.9404
C003 66 R 30 0 0 0 731.2653
C003 67 G 180 0 1 1 870.281
C003 68 L 90 1 1 0 1348.9275
C003 69 L 0 0 0 0 1317.6045
C003 70 G 180 0 0 0 1340.4392
C003 71 F 180 0 9997 1 2000.3489
C003 72 F 60 0 0 0 1175.5481
C003 73 L 60 1 1 0 1021.0418
C003 74 R 30 0 0 0 1035.7182
C003 75 G 60 1 1 0 832.0052
C003 76 G 180 1 1 0 1399.0662
C003 77 L 120 1 1 0 869.6704
C003 78 F 0 0 0 0 812.4403
C003 79 F 120 1 1 0 890.0553
C003 80 L 150 1 1 0 878.6933
C003 81 R 60 1 1 0 874.7898
C003 82 L 150 1 1 0 772.5953
C003 83 F 180 1 1 0 1489.1168
C003 84 R 120 0 0 0 827.2274
C003 85 G 0 0 0 0 650.331
C003 86 G 60 0 0 0 657.8771
C003 87 F 30 0 0 0 571.4856
C003 88 F 30 1 1 0 739.72
C003 89 R 150 0 0 0 1534.2617
C003 90 L 90 0 0 0 889.5534
C003 91 L 120 0 0 0 596.8985
C003 92 G 0 1 1 0 916.9393
C003 93 F 60 0 0 0 944.5436
C003 94 G 90 0 0 0 795.4088
C003 95 F 120 0 0 0 733.5631
C003 96 G 90 1 1 0 873.0657
C003 97 F 150 1 1 0 879.2544
C003 98 L 180 0 1 1 1353.3405
C003 99 R 150 1 1 0 922.128
C003 100 R 180 0 0 0 1340.5085
C003 101 F 90 1 1 0 905.7288
C003 102 L 180 1 1 0 1683.779
C003 103 L 180 1 1 0 602.2273
C003 104 R 30 1 1 0 1128.9154
C003 105 F 90 1 1 0 795.006
C003 106 L 30 0 0 0 811.834
C003 107 F 120 1 1 0 728.1183
C003 108 R 120 1 1 0 878.7833
C003 109 L 60 0 0 0 895.4567
C003 110 L 180 0 0 0 1287.4484
C003 111 G 180 1 1 0 1187.1036
C003 112 R 30 1 1 0 957.4873
C003 113 L 0 0 0 0 798.0559
C003 114 G 120 0 1 1 1374.3356
C003 115 G 120 1 1 0 1645.2635
C003 116 R 90 0 0 0 926.082
C003 117 G 120 0 0 0 967.3282
C003 118 R 150 0 0 0 625.8386
C003 119 F 150 0 0 0 808.3515
C003 120 L 0 1 1 0 1181.4524
C003 121 G 30 1 1 0 1480.2729
C003 122 F 120 0 1 1 974.6814
C003 123 F 60 1 1 0 833.3252
C003 124 R 0 0 0 0 832.1154
C003 125 L 90 1 1 0 935.6294
C003 126 G 0 0 0 0 778.0107
C003 127 F 30 1 1 0 985.1354
C003 128 G 120 1 1 0 902.68
C003 129 F 90 0 0 0 838.5716
C003 130 R 180 1 1 0 1452.4665
C003 131 G 90 0 0 0 785.143
C003 132 G 60 0 0 0 782.0258
C003 133 F 150 0 0 0 887.2629
C003 134 F 0 1 1 0 803.6281
C003 135 F 120 0 1 1 709.611
C003 136 R 0 0 0 0 802.2091
C003 137 F 30 0 0 0 618.3791
C003 138 R 120 0 0 0 667.2643
C003 139 G 150 1 1 0 943.714
C003 140 F 90 0 0 0 815.8818
C003 141 L 30 0 0 0 1391.6048
C003 142 R 30 1 1 0 895.7657
C003 143 F 0 0 0 0 805.3393
C003 144 G 60 1 1 0 862.1098
C003 145 G 180 0 1 1 1147.3717
C003 146 G 60 1 1 0 1262.8573
C003 147 L 30 0 0 0 783.428
C003 148 G 0 1 1 0 1101.0329
C003 149 R 30 1 1 0 1109.6276
C003 150 G 180 1 1 0 1230.5849
C003 151 L 150 0 0 0 961.8161
C003 152 L 180 0 0 0 688.8084
C003 153 R 120 0 0 0 831.0462
C003 154 F 180 0 0 0 716.7087
C003 155 L 60 0 0 0 592.1424
C003 156 R 30 0 0 0 619.2428
C003 157 L 120 1 1 0 825.2945
C003 158 L 60 1 1 0 922.2565
C003 159 L 120 0 0 0 817.3836
C003 160 G 150 0 0 0 926.1806
C003 161 R 0 0 0 0 630.6544
C003 162 G 180 1 1 0 1526.5158
C003 163 R 60 0 0 0 860.0426
C003 164 G 120 0 0 0 747.7747
C003 165 G 30 1 1 0 838.6996
C003 166 F 60 0 9997 1 2000.0322
C003 167 F 30 1 1 0 939.235
C003 168 R 180 0 1 1 1137.3353
C003 169 F 120 1 1 0 864.9191
C003 170 F 180 1 1 0 1167.9173
C003 171 G 180 0 0 0 1894.8023
C003 172 R 180 1 1 0 1098.4133
C003 173 F 120 0 0 0 827.481
C003 174 L 0 0 0 0 727.7261
C003 175 L 90 0 0 0 678.851
C003 176 L 180 0 1 1 1737.3029
C003 177 G 30 0 0 0 856.2378
C003 178 L 90 1 1 0 838.4383
C003 179 R 90 0 0 0 964.3847
C003 180 L 150 1 1 0 703.8155
C003 181 G 0 0 0 0 709.7434
C003 182 F 90 1 1 0 727.652
C003 183 F 30 1 1 0 757.7769
C003 184 G 0 1 1 0 991.4592
C003 185 F 0 1 1 0 608.1205
C003 186 R 150 1 1 0 971.5897
C003 187 F 60 0 0 0 966.9991
C003 188 R 0 1 1 0 715.919
C003 189 F 120 1 1 0 899.9766
C003 190 F 60 1 1 0 542.5156
C003 191 L 30 1 1 0 933.861
C003 192 R 120 1 1 0 988.7294
C003 193 F 180 1 1 0 674.8922
C003 194 R 60 1 1 0 765.1483
C003 195 G 90 0 0 0 797.7219
C003 196 L 0 0 0 0 1014.483
C003 197 L 30 1 1 0 663.1852
C003 198 G 30 1 1 0 713.9404
C003 199 L 120 1 1 0 657.6255
C003 200 L 180 1 1 0 657.5956
C003 201 R 30 0 0 0 736.3155
C003 202 F 90 1 1 0 669.909
C003 203 F 180 0 1 1 1189.0019
C003 204 G 150 1 1 0 967.4403
C003 205 R 120 1 1 0 791.603
C003 206 F 60 1 1 0 827.8323
C003 207 G 30 0 0 0 732.7325
C003 208 G 0 0 0 0 519.7122
C003 209 R 90 1 1 0 877.4148
C003 210 F 150 0 0 0 1042.1769
C003 211 F 30 0 0 0 592.7102
C003 212 F 150 1 1 0 928.1516
C003 213 F 0 0 0 0 1141.7455
C003 214 G 60 0 0 0 587.3299
C003 215 R 60 0 0 0 527.612
C003 216 L 150 0 0 0 821.8842
C003 217 L 180 1 1 0 1254.6183
C003 218 G 90 1 1 0 735.5427
C003 219 L 0 1 1 0 1075.7855
C003 220 L 60 1 1 0 833.2674
C003 221 R 60 1 1 0 770.8149
C003 222 L 90 0 1 1 637.1005
C003 223 R 90 0 0 0 730.0397
C003 224 R 90 1 1 0 804.1194
C003 225 R 150 0 0 0 842.7763
C003 226 G 120 1 1 0 803.0565
C003 227 R 0 1 1 0 1041.5412
C003 228 L 60 0 0 0 831.0919
C003 229 G 120 0 0 0 759.8465
C003 230 L 0 1 1 0 1261.6356
C003 231 R 150 0 0 0 989.2814
C003 232 R 180 0 0 0 730.3977
C003 233 L 150 1 1 0 870.1651
C003 234 F 150 1 1 0 757.4155
C003 235 L 90 1 1 0 1036.427
C003 236 R 150 1 1 0 602.1315
C003 237 G 150 0 0 0 1002.9646
C003 238 G 90 1 1 0 914.9231
C003 239 L 120 0 0 0 886.4232
