C006 17 F 90 1 1 0 944.4964
C006 18 F 180 0 1 1 1027.5042
C006 19 R 90 1 1 0 1196.7915
C006 20 R 120 0 0 0 1135.2609
C006 21 F 180 1 1 0 1623.0775
C006 22 L 180 0 0 0 1459.925
C006 23 R 0 0 0 0 843.718
C006 24 R 60 1 1 0 739.8109
C006 25 F 0 0 0 0 771.4794
C006 26 L 150 1 1 0 798.4259
C006 27 L 150 0 0 0 819.7496
C006 28 R 150 1 1 0 1659.2283
C006 29 L 0 0 0 0 751.2451
C006 30 G 120 0 0 0 1203.3295
C006 31 F 180 1 1 0 1024.2696
C006 32 G 150 1 1 0 1036.0098
C006 33 L 120 1 1 0 889.9514
C006 34 L 120 0 0 0 690.0384
C006 35 G 90 0 0 0 719.2018
C006 36 F 30 0 0 0 668.4192
C006 37 R 60 0 0 0 510.8568
C006 38 F 150 1 1 0 682.6169
C006 39 L 0 1 1 0 1001.4292
C006 40 R 150 0 0 0 764.3654
C006 41 G 90 0 0 0 510.5651
C006 42 L 30 1 1 0 687.0126
C006 43 G 90 1 1 0 755.5864
C006 44 G 0 0 0 0 644.4075
C006 45 F 0 0 0 0 823.7311
C006 46 F 30 0 0 0 568.1157
C006 47 G 0 0 0 0 539.4942
C006 48 G 30 0 0 0 440.6613
C006 49 F 180 0 1 1 700.284
C006 50 R 120 0 0 0 475.9089
C006 51 G 150 1 1 0 1702.9017
C006 52 L 90 0 0 0 609.1733
C006 53 G 30 1 1 0 642.7502
C006 54 L 90 1 1 0 766.2902
C006 55 R 30 1 1 0 788.6167
C006 56 F 150 0 0 0 854.4323
C006 57 G 120 1 1 0 810.2937
C006 58 R 180 0 0 0 797.8148
C006 59 R 60 1 1 0 714.5775
C006 60 G 60 0 1 1 546.1068
C006 61 G 180 1 1 0 1393.5474
C006 62 F 60 0 0 0 451.2134
C006 63 L 120 0 0 0 607.6143
C006 64 F 0 1 1 0 1093.995
C006 65 F 30 1 1 0 782.5686
C006 66 F 60 1 1 0 712.797
C006 67 L 150 1 1 0 871.7405
C006 68 L 0 0 0 0 494.1073
C006 69 F 120 1 1 0 1054.1726
C006 70 L 90 1 1 0 676.2944
C006 71 F 60 0 0 0 619.469
C006 72 L 60 0 0 0 693.5718
C006 73 R 120 1 1 0 922.0342
C006 74 F 90 1 1 0 1053.1342
C006 75 R 150 0 0 0 821.507
C006 76 F 0 1 1 0 692.3395
C006 77 G 60 1 1 0 845.6813
C006 78 G 0 1 1 0 801.4526
C006 79 R 180 0 0 0 1760.741
C006 80 F 120 1 1 0 957.7139
C006 81 L 180 1 1 0 1098.2319
C006 82 L 30 1 1 0 741.5788
C006 83 G 120 1 1 0 1112.3834
C006 84 R 30 0 0 0 705.4867
C006 85 R 30 1 1 0 612.2554
C006 86 F 120 0 0 0 746.167
C006 87 L 90 0 0 0 633.3722
C006 88 F 60 1 1 0 606.7178
C006 89 R 60 0 0 0 626.9531
C006 90 L 150 0 0 0 824.7536
C006 91 L 60 1 1 0 736.3145
C006 92 R 150 1 1 0 1208.5024
C006 93 L 30 0 0 0 749.5239
C006 94 R 30 0 0 0 548.1153
C006 95 L 120 1 1 0 783.2687
C006 96 R 180 1 1 0 1015.4281
C006 97 R 90 0 0 0 732.7104
C006 98 R 0 0 0 0 505.412
C006 99 F 150 0 0 0 604.7969
C006 100 G 150 0 0 0 492.9803
C006 101 L 180 1 1 0 894.464
C006 102 G 0 1 1 0 762.2467
C006 103 R 120 1 1 0 759.3499
C006 104 F 120 0 0 0 526.8474
C006 105 G 180 0 1 1 634.5588
C006 106 R 90 1 1 0 631.549
C006 107 R 0 1 1 0 714.7555
C006 108 G 150 0 1 1 679.9472
C006 109 L 30 0 0 0 758.5367
C006 110 L 60 1 0 1 610.716
C006 111 G 90 1 1 0 572.6919
C006 112 F 150 1 1 0 889.1497
C006 113 G 60 1 1 0 735.1654
C006 114 G 180 1 1 0 711.2967
C006 115 R 0 1 1 0 745.1839
C006 116 G 60 0 0 0 749.0422
C006 117 F 90 0 0 0 525.5125
C006 118 R 180 1 1 0 892.5407
C006 119 G 180 0 1 1 682.7401
C006 120 L 60 0 0 0 763.8404
C006 121 F 90 0 0 0 876.4427
C006 122 G 30 1 1 0 655.1656
C006 123 R 90 0 0 0 542.4997
C006 124 G 30 0 0 0 518.5285
C006 125 L 0 1 1 0 607.0378
C006 126 F 30 1 1 0 531.9389
C006 127 L 180 0 1 1 536.3789
C006 128 G 120 0 0 0 548.6923
C006 129 R 30 1 1 0 601.6349
C006 130 R 120 1 1 0 553.1154
C006 131 F 180 0 1 1 523.8818
C006 132 R 90 1 1 0 602.3134
C006 133 R 0 0 0 0 464.7293
C006 134 L 150 0 0 0 603.1314
C006 135 R 30 0 0 0 502.699
C006 136 L 180 0 1 1 621.977
C006 137 L 180 0 1 1 692.6118
C006 138 F 60 0 0 0 488.8719
C006 139 R 60 0 0 0 528.5999
C006 140 L 120 1 1 0 702.5629
C006 141 F 150 0 0 0 792.0529
C006 142 G 120 0 0 0 520.2627
C006 143 R 90 0 0 0 485.0098
C006 144 L 30 0 0 0 499.5193
C006 145 F 60 1 1 0 559.3763
C006 146 F 0 1 1 0 955.2911
C006 147 F 150 0 0 0 686.0084
C006 148 G 120 1 1 0 1172.0517
C006 149 L 150 1 1 0 869.0915
C006 150 F 150 1 1 0 787.0042
C006 151 F 180 1 1 0 549.2663
C006 152 G 30 0 0 0 548.6566
C006 153 L 150 0 0 0 639.4565
C006 154 F 0 0 0 0 473.8412
C006 155 L 0 1 1 0 864.2396
C006 156 G 150 0 0 0 656.2026
C006 157 F 30 0 0 0 476.6475
C006 158 F 60 1 1 0 537.362
C006 159 L 30 0 0 0 455.6751
C006 160 F 120 0 0 0 518.552
C006 161 F 60 0 0 0 374.0209
C006 162 F 120 1 1 0 693.0146
C006 163 L 90 1 1 0 548.647
C006 164 L 60 1 1 0 529.2577
C006 165 G 30 0 0 0 466.2085
C006 166 F 0 0 0 0 429.9234
C006 167 L 90 1 1 0 478.0036
C006 168 G 0 1 1 0 660.9226
C006 169 G 120 1 1 0 534.6149
C006 170 R 150 1 1 0 520.6866
C006 171 G 180 0 1 1 515.4199
C006 172 L 30 1 1 0 620.5483
C006 173 R 30 1 1 0 647.1455
C006 174 R 180 0 1 1 511.7301
C006 175 R 180 1 1 0 492.5544
C006 176 R 0 1 1 0 682.2175
C006 177 F 30 1 1 0 603.2026
C006 178 F 180 0 1 1 622.912
C006 179 F 0 1 1 0 851.4831
C006 180 G 60 0 0 0 580.8516
C006 181 G 60 0 0 0 491.0199
C006 182 R 60 0 0 0 626.084
C006 183 L 120 0 0 0 721.7227
C006 184 G 0 0 0 0 565.1795
C006 185 R 60 1 1 0 1609.0862
C006 186 G 180 1 1 0 688.9826
C006 187 L 90 0 0 0 656.0909
C006 188 G 60 1 1 0 652.7216
C006 189 F 90 1 1 0 473.0833
C006 190 L 60 0 0 0 603.5765
C006 191 G 90 1 1 0 551.9875
C006 192 F 90 1 1 0 483.8876
C006 193 G 180 1 1 0 573.3637
C006 194 L 0 0 0 0 637.3026
C006 195 R 180 0 1 1 510.5748
C006 196 L 150 1 1 0 777.9053
C006 197 L 0 1 1 0 696.2006
C006 198 G 90 1 1 0 699.0536
C006 199 R 150 0 1 1 475.7852
C006 200 F 90 0 0 0 677.6572
C006 201 G 0 1 1 0 651.7924
C006 202 F 90 0 0 0 576.1984
C006 203 F 120 0 0 0 718.3885
C006 204 F 120 1 1 0 645.8087
C006 205 G 0 0 0 0 616.0949
C006 206 F 150 1 1 0 655.5765
C006 207 L 30 1 1 0 725.2297
C006 208 G 60 1 1 0 588.671
C006 209 G 180 0 0 0 1655.9365
C006 210 G 150 0 0 0 686.0334
C006 211 R 0 0 0 0 526.3171
C006 212 G 120 0 0 0 716.3762
C006 213 G 30 1 1 0 703.3242
C006 214 L 60 1 1 0 796.8307
C006 215 R 30 0 0 0 489.662
C006 216 R 120 0 0 0 553.6741
C006 217 R 120 1 1 0 635.7026
C006 218 G 150 1 0 1 585.472
C006 219 R 60 1 1 0 959.6305
C006 220 R 90 1 1 0 923.4022
C006 221 G 150 1 1 0 1440.0665
C006 222 R 150 0 0 0 795.0595
C006 223 F 30 0 0 0 624.1044
C006 224 R 180 1 1 0 963.072
C006 225 L 180 1 0 1 386.9896
C006 226 G 90 0 0 0 807.9786
C006 227 L 0 0 0 0 470.0917
C006 228 G 30 1 1 0 509.9184
C006 229 L 120 0 0 0 667.2263
C006 230 L 120 1 1 0 829.1392
C006 231 R 90 0 0 0 504.3009
C006 232 R 150 1 1 0 671.8896
C006 233 G 90 0 0 0 625.8064
C006 234 L 90 0 0 0 564.8927
C006 235 L 180 1 1 0 544.6488
C006 236 R 0 1 1 0 795.9593
C006 237 F 30 1 0 1 571.6905
C006 238 R 120 0 0 0 508.1212
C006 239 L 60 0 0 0 528.0075
C006 240 F 180 1 1 0 604.4523
