K001 34 L 120 1 1 0 940.7548
K001 35 L 90 1 1 0 1392.9371
K001 36 G 30 1 9997 1 2000.062
K001 37 L 150 0 9997 1 2000.0668
K001 38 L 30 0 0 0 686.128
K001 39 G 150 1 1 0 1050.3248
K001 40 G 90 1 1 0 596.0076
K001 41 F 90 0 0 0 1022.0765
K001 42 G 120 0 0 0 621.1708
K001 43 F 30 1 1 0 671.3096
K001 44 R 180 1 1 0 1414.4376
K001 45 L 0 1 1 0 955.3558
K001 46 R 90 0 0 0 928.4272
K001 47 R 0 0 0 0 477.5305
K001 48 F 90 1 1 0 663.6757
K001 49 G 30 1 1 0 642.6401
K001 50 G 150 0 0 0 967.3766
K001 51 R 60 0 0 0 613.619
K001 52 G 120 1 1 0 752.2956
K001 53 R 180 1 9997 1 2000.0427
K001 54 F 150 1 0 1 798.0785
K001 55 R 180 0 0 0 1340.5396
K001 56 R 120 1 1 0 660.8982
K001 57 L 60 1 1 0 949.493
K001 58 R 90 1 1 0 1094.8562
K001 59 L 180 1 0 1 1434.4837
K001 60 G 120 1 0 1 1717.2744
K001 61 L 180 1 1 0 1899.5146
K001 62 R 150 0 0 0 1347.7327
K001 63 F 0 0 0 0 693.9374
K001 64 R 90 1 1 0 689.9729
K001 65 G 60 0 0 0 697.5875
K001 66 L 30 1 1 0 722.8329
K001 67 F 0 0 0 0 1184.046
K001 68 G 120 0 0 0 578.9943
K001 69 L 90 1 1 0 716.3296
K001 70 G 90 0 0 0 500.9469
K001 71 F 0 1 1 0 568.2865
K001 72 L 60 0 0 0 514.5981
K001 73 R 90 0 0 0 555.4413
K001 74 G 0 0 0 0 419.4692
K001 75 R 150 1 1 0 637.4989
K001 76 L 30 0 0 0 431.0132
K001 77 L 60 1 1 0 708.8711
K001 78 G 30 0 0 0 489.3186
K001 79 F 120 1 1 0 545.1176
K001 80 F 30 0 0 0 568.3675
K001 81 F 30 1 0 1 681.2126
K001 82 R 120 0 0 0 942.1066
K001 83 F 90 0 0 0 418.371
K001 84 R 30 0 0 0 401.9237
K001 85 G 0 1 1 0 799.8246
K001 86 G 180 0 1 1 696.4894
K001 87 F 90 1 1 0 1064.7303
K001 88 L 120 0 0 0 577.1192
K001 89 G 150 1 1 0 1218.563
K001 90 L 30 1 0 1 1320.0806
K001 91 G 60 0 0 0 642.7345
K001 92 L 0 1 1 0 1242.6786
K001 93 R 60 0 0 0 551.7877
K001 94 R 0 1 1 0 561.7893
K001 95 G 90 1 1 0 1374.8845
K001 96 L 150 1 1 0 736.1056
K001 97 F 60 0 0 0 598.0179
K001 98 R 150 0 0 0 886.7613
K001 99 R 30 0 0 0 385.2981
K001 100 F 30 0 0 0 455.6632
K001 101 G 30 0 0 0 426.5148
K001 102 L 150 0 0 0 711.6153
K001 103 F 60 1 1 0 469.6633
K001 104 F 60 1 1 0 418.0322
K001 105 R 120 0 0 0 562.0756
K001 106 R 0 1 1 0 535.7522
K001 107 F 150 0 0 0 446.9909
K001 108 F 180 0 1 1 533.6159
K001 109 R 150 1 0 1 1003.4359
K001 110 L 180 0 0 0 1435.6579
K001 111 L 180 0 0 0 468.5199
K001 112 R 180 0 0 0 1019.5595
K001 113 F 180 1 0 1 689.8136
K001 114 R 0 0 0 0 644.1377
K001 115 L 60 0 0 0 554.6543
K001 116 G 60 1 1 0 718.5058
K001 117 R 60 1 1 0 508.6183
K001 118 L 0 0 0 0 471.879
K001 119 F 180 0 0 0 862.5124
K001 120 F 60 0 0 0 412.0116
K001 121 F 150 0 0 0 482.2859
K001 122 L 120 0 0 0 617.1363
K001 123 R 120 1 1 0 604.9045
K001 124 G 180 1 0 1 896.6106
K001 125 G 180 1 1 0 721.0123
K001 126 G 90 0 0 0 851.1724
K001 127 R 30 1 1 0 1352.8147
K001 128 L 90 0 0 0 554.5216
K001 129 G 150 0 0 0 505.3553
K001 130 R 30 1 1 0 600.9945
K001 131 L 150 1 1 0 776.6462
K001 132 F 180 1 1 0 518.379
K001 133 G 180 0 0 0 747.5417
K001 134 G 0 1 1 0 893.8047
K001 135 G 60 1 1 0 470.5453
K001 136 L 0 0 0 0 521.4101
K001 137 F 120 0 0 0 547.3841
K001 138 F 150 1 0 1 468.6381
K001 139 G 0 0 0 0 986.8363
K001 140 F 0 1 1 0 566.3066
K001 141 F 120 1 1 0 552.7275
K001 142 R 60 1 1 0 576.3816
K001 143 L 120 1 1 0 752.2439
K001 144 L 90 0 0 0 902.7706
K001 145 F 120 0 0 0 550.263
K001 146 G 0 1 1 0 670.8121
K001 147 F 60 0 0 0 516.0432
K001 148 G 120 1 1 0 462.0375
K001 149 G 30 1 1 0 417.3687
K001 150 L 120 1 1 0 1290.1059
K001 151 G 180 1 0 1 1413.3374
K001 152 F 180 0 0 0 940.9322
K001 153 G 0 1 1 0 640.0048
K001 154 R 30 0 0 0 484.0774
K001 155 R 60 1 1 0 537.1431
K001 156 L 0 1 1 0 1372.4373
K001 157 L 30 1 1 0 346.0579
K001 158 G 30 1 1 0 1038.7801
K001 159 F 150 1 1 0 687.1505
K001 160 F 60 1 1 0 951.1698
K001 161 L 0 1 1 0 688.2791
K001 162 R 150 0 0 0 980.5084
K001 163 R 0 0 0 0 439.4561
K001 164 F 90 1 1 0 1031.9239
K001 165 G 150 0 0 0 1093.7264
K001 166 R 60 0 0 0 539.0431
K001 167 R 120 0 0 0 383.5015
K001 168 L 120 0 0 0 505.4374
K001 169 F 120 1 1 0 653.6208
K001 170 G 30 0 0 0 551.8115
K001 171 G 180 1 1 0 593.0145
K001 172 R 180 1 0 1 896.165
K001 173 F 180 1 0 1 558.3576
K001 174 G 90 1 1 0 679.8012
K001 175 G 150 0 0 0 591.3997
K001 176 R 150 1 1 0 1055.9996
K001 177 R 90 0 0 0 742.6064
K001 178 F 150 0 0 0 581.4689
K001 179 F 90 1 1 0 611.8163
K001 180 F 90 0 0 0 594.6652
K001 181 R 60 0 0 0 502.0613
K001 182 R 30 1 1 0 669.7441
K001 183 F 180 1 1 0 767.1888
K001 184 R 0 0 0 0 514.9878
K001 185 G 120 0 0 0 538.4659
K001 186 R 120 0 0 0 511.5636
K001 187 R 120 1 1 0 800.7347
K001 188 G 180 0 1 1 700.5552
K001 189 L 60 0 0 0 569.5461
K001 190 L 180 0 1 1 603.3728
K001 191 L 180 1 1 0 1240.461
K001 192 R 90 0 0 0 580.8752
K001 193 L 0 0 0 0 459.5461
K001 194 G 150 1 1 0 929.3949
K001 195 F 150 0 0 0 591.2534
K001 196 F 150 1 1 0 734.9088
K001 197 L 120 0 0 0 492.1505
K001 198 R 90 1 1 0 708.0861
K001 199 R 90 1 1 0 466.2615
K001 200 L 30 1 1 0 727.0586
K001 201 F 120 1 1 0 1030.6355
K001 202 F 180 0 1 1 504.5069
K001 203 L 90 1 1 0 945.2249
K001 204 G 60 0 0 0 495.9088
K001 205 F 30 0 0 0 407.4915
K001 206 F 30 0 0 0 377.608
K001 207 L 60 0 0 0 462.4194
K001 208 F 30 1 1 0 479.3537
K001 209 F 60 0 0 0 364.1435
K001 210 G 60 0 0 0 439.7749
K001 211 F 90 0 0 0 232.0856
K001 212 R 150 0 1 1 501.8096
K001 213 G 150 1 1 0 927.7933
K001 214 L 60 1 1 0 665.6466
K001 215 L 150 0 0 0 858.0476
K001 216 F 120 0 0 0 463.4231
K001 217 L 150 1 1 0 775.6838
K001 218 L 90 0 0 0 597.0723
K001 219 L 30 0 0 0 483.797
K001 220 G 0 0 0 0 440.0682
K001 221 L 90 1 1 0 675.3191
K001 222 R 180 1 0 1 969.6637
K001 223 L 150 0 0 0 874.0773
K001 224 G 90 0 0 0 398.9946
K001 225 F 0 0 0 0 386.9416
K001 226 G 60 1 1 0 559.5912
K001 227 G 0 0 0 0 529.9933
K001 228 R 180 0 0 0 1072.7833
K001 229 F 120 0 0 0 512.1444
K001 230 G 90 1 1 0 1034.9701
K001 231 F 0 0 0 0 389.1897
K001 232 G 120 0 0 0 474.3393
K001 233 L 180 1 1 0 1009.6736
K001 234 G 90 0 0 0 491.2711
K001 235 G 60 1 1 0 528.0599
K001 236 G 180 0 1 1 580.5844
K001 237 L 180 0 0 0 764.9098
K001 238 R 120 1 1 0 788.7332
K001 239 F 0 1 0 1 1006.2379
K001 240 R 60 1 1 0 1942.3474
K001 241 L 150 1 0 1 1375.3388
K001 242 F 30 1 1 0 1244.3593
K001 243 R 30 1 1 0 1295.0302
K001 244 R 0 1 1 0 423.8874
K001 245 L 90 0 0 0 570.6477
K001 246 L 120 1 1 0 980.9085
K001 247 F 0 1 1 0 689.9461
K001 248 L 0 0 0 0 545.3347
K001 249 R 30 0 0 0 388.2471
K001 250 G 120 1 1 0 1484.7289
K001 251 F 60 1 1 0 1182.0134
K001 252 R 0 1 1 0 462.9477
K001 253 L 60 1 1 0 1115.5759
K001 254 R 180 0 0 0 1101.4028
K001 255 R 150 1 1 0 1017.1952
K001 256 G 30 0 0 0 537.5298
K001 257 L 30 0 0 0 384.4765
