C004 20 R 0 1 1 0 820.3348
C004 21 G 180 1 0 1 1388.8615
C004 22 G 30 0 0 0 770.7667
C004 23 F 60 0 0 0 821.4396
C004 24 F 180 1 1 0 1553.7251
C004 25 G 60 0 0 0 672.5902
C004 26 G 90 1 1 0 1009.455
C004 27 L 150 1 1 0 1985.3938
C004 28 R 90 1 1 0 1799.7478
C004 29 F 30 1 1 0 731.5786
C004 30 F 90 0 0 0 718.4626
C004 31 L 0 0 0 0 548.8121
C004 32 G 150 0 0 0 763.5113
C004 33 R 60 0 0 0 450.7414
C004 34 L 120 1 1 0 793.2829
C004 35 R 120 0 0 0 577.3557
C004 36 G 150 1 1 0 805.3008
C004 37 F 60 1 1 0 685.1884
C004 38 L 90 0 0 0 580.1683
C004 39 R 120 1 1 0 635.975
C004 40 L 150 1 1 0 826.0134
C004 41 L 150 0 0 0 775.6288
C004 42 F 0 0 0 0 637.3137
C004 43 F 30 1 1 0 602.9996
C004 44 L 120 0 0 0 546.4436
C004 45 F 150 0 0 0 1236.481
C004 46 R 60 0 0 0 587.8775
C004 47 F 0 1 1 0 601.9371
C004 48 G 0 1 1 0 738.1426
C004 49 L 90 1 1 0 791.3374
C004 50 L 30 1 1 0 749.954
C004 51 G 180 1 1 0 716.5903
C004 52 R 180 1 1 0 1127.5276
C004 53 F 30 0 0 0 584.334
C004 54 G 150 0 1 1 536.5122
C004 55 L 90 0 0 0 490.7774
C004 56 R 180 0 1 1 801.0975
C004 57 F 30 0 0 0 661.2494
C004 58 F 60 0 0 0 451.6099
C004 59 L 60 1 1 0 709.42
C004 60 G 0 1 1 0 646.2004
C004 61 L 60 1 1 0 667.8013
C004 62 G 180 0 1 1 524.0598
C004 63 L 180 0 0 0 993.629
C004 64 L 30 1 1 0 693.6392
C004 65 R 180 1 1 0 937.2573
C004 66 L 120 0 0 0 544.1421
C004 67 G 150 1 1 0 1013.8512
C004 68 F 120 0 0 0 525.8205
C004 69 L 0 0 0 0 509.9189
C004 70 R 120 0 0 0 546.2507
C004 71 F 0 1 1 0 556.7975
C004 72 F 150 1 1 0 766.1944
C004 73 R 30 1 1 0 581.0017
C004 74 G 60 1 1 0 701.2863
C004 75 G 90 0 0 0 541.9536
C004 76 G 30 0 0 0 570.7176
C004 77 L 60 0 0 0 487.2666
C004 78 F 60 1 1 0 847.3949
C004 79 G 0 0 0 0 477.1499
C004 80 F 180 0 1 1 479.8441
C004 81 F 120 0 0 0 545.0231
C004 82 R 90 0 0 0 697.4676
C004 83 F 120 1 1 0 1264.9313
C004 84 G 0 0 0 0 517.4361
C004 85 G 120 0 0 0 463.0812
C004 86 F 90 1 1 0 558.2565
C004 87 G 30 1 1 0 637.2367
C004 88 L 120 1 1 0 772.4047
C004 89 R 30 1 1 0 608.8206
C004 90 F 120 1 1 0 588.9236
C004 91 G 120 1 1 0 666.7793
C004 92 L 180 1 0 1 932.3101
C004 93 L 180 0 0 0 834.3549
C004 94 R 30 0 0 0 765.1238
C004 95 R 150 1 1 0 783.9467
C004 96 F 90 1 1 0 726.9293
C004 97 G 60 1 1 0 549.581
C004 98 G 60 0 0 0 599.5273
C004 99 G 120 1 1 0 678.9834
C004 100 G 30 1 1 0 496.469
C004 101 L 0 1 1 0 723.4652
C004 102 R 0 0 0 0 522.2683
C004 103 R 60 1 1 0 626.7125
C004 104 F 180 1 1 0 979.1459
C004 105 R 90 1 1 0 620.7206
C004 106 L 180 1 1 0 868.9452
C004 107 R 150 0 0 0 548.928
C004 108 G 90 1 1 0 470.8944
C004 109 R 0 0 0 0 483.276
C004 110 L 30 0 0 0 570.7946
C004 111 R 30 0 0 0 433.3481
C004 112 L 0 1 1 0 683.8656
C004 113 F 0 0 0 0 479.7368
C004 114 R 60 1 1 0 465.1691
C004 115 R 150 0 0 0 723.6283
C004 116 R 120 1 1 0 755.661
C004 117 G 180 0 0 0 901.1204
C004 118 L 90 1 1 0 714.4759
C004 119 L 60 0 0 0 554.1832
C004 120 G 120 0 0 0 613.5282
C004 121 R 0 1 1 0 639.699
C004 122 G 90 0 0 0 602.6825
C004 123 F 150 1 1 0 603.8951
C004 124 F 90 0 0 0 458.7134
C004 125 R 90 0 0 0 498.1079
C004 126 R 150 1 1 0 690.7698
C004 127 F 180 0 0 0 566.0971
C004 128 L 150 0 0 0 522.8058
C004 129 F 150 0 0 0 454.9018
C004 130 L 30 0 0 0 495.4493
C004 131 R 180 0 0 0 718.8943
C004 132 F 0 1 1 0 634.605
C004 133 L 120 0 0 0 510.4227
C004 134 F 180 0 0 0 488.5932
C004 135 R 180 0 0 0 456.8304
C004 136 F 150 0 0 0 390.3185
C004 137 R 90 1 1 0 569.6575
C004 138 G 120 0 0 0 406.7706
C004 139 G 60 1 1 0 578.9042
C004 140 R 120 1 1 0 541.9122
C004 141 G 120 1 1 0 591.8402
C004 142 G 180 1 1 0 1101.9852
C004 143 G 180 0 0 0 657.0384
C004 144 G 30 1 0 1 473.0217
C004 145 R 120 1 1 0 670.7174
C004 146 G 150 0 0 0 606.6788
C004 147 G 90 1 1 0 1263.6229
C004 148 G 60 0 0 0 486.9721
C004 149 F 180 1 1 0 1620.4309
C004 150 R 180 1 1 0 878.6957
C004 151 L 0 0 0 0 500.8897
C004 152 F 120 1 1 0 1375.2807
C004 153 R 60 1 1 0 985.7831
C004 154 L 60 0 0 0 490.2096
C004 155 F 150 1 1 0 513.8642
C004 156 G 90 0 0 0 512.348
C004 157 L 90 1 1 0 719.2306
C004 158 G 120 0 0 0 473.3456
C004 159 R 30 1 1 0 516.5185
C004 160 R 0 0 0 0 433.6666
C004 161 F 60 1 1 0 639.2707
C004 162 L 30 1 1 0 671.9974
C004 163 F 0 1 1 0 829.1628
C004 164 F 120 0 0 0 551.0434
C004 165 F 180 0 1 1 806.6298
C004 166 F 60 0 0 0 555.1903
C004 167 R 180 1 1 0 716.3247
C004 168 L 180 1 1 0 1093.9324
C004 169 L 90 0 0 0 570.477
C004 170 L 120 1 1 0 1023.403
C004 171 G 30 0 0 0 578.7458
C004 172 R 150 0 0 0 530.1017
C004 173 F 30 0 0 0 530.6772
C004 174 F 120 0 0 0 565.2666
C004 175 G 60 0 0 0 543.1686
C004 176 G 30 1 1 0 558.9514
C004 177 F 30 0 0 0 424.7938
C004 178 L 150 1 1 0 970.3472
C004 179 L 30 0 0 0 361.8447
C004 180 L 0 1 1 0 542.1995
C004 181 R 180 0 0 0 467.5948
C004 182 G 0 0 0 0 452.0733
C004 183 R 150 1 1 0 585.5091
C004 184 F 90 1 1 0 709.0668
C004 185 G 150 0 0 0 513.3797
C004 186 R 90 0 0 0 523.9256
C004 187 G 90 1 1 0 580.1052
C004 188 R 60 1 1 0 499.2022
C004 189 L 120 1 1 0 639.5753
C004 190 F 30 1 1 0 688.7237
C004 191 L 90 1 1 0 738.6435
C004 192 R 30 0 0 0 545.9701
C004 193 L 90 0 0 0 666.862
C004 194 R 120 0 0 0 433.3938
C004 195 R 0 1 1 0 515.7871
C004 196 F 30 1 1 0 563.8394
C004 197 R 90 0 0 0 450.7385
C004 198 L 150 0 0 0 552.1496
C004 199 R 60 0 0 0 633.9097
C004 200 L 0 1 1 0 601.3409
C004 201 F 60 1 1 0 565.0789
C004 202 F 90 0 0 0 447.7835
C004 203 G 120 1 1 0 644.2978
C004 204 G 0 1 1 0 715.6544
C004 205 F 150 0 0 0 494.6197
C004 206 G 150 1 1 0 544.4563
C004 207 R 150 1 1 0 520.9162
C004 208 L 180 0 0 0 780.4835
C004 209 G 180 1 9997 1 2000.0303
C004 210 L 60 1 0 1 578.2545
C004 211 R 60 0 0 0 496.7736
C004 212 R 150 0 0 0 622.0391
C004 213 G 90 0 0 0 622.6627
C004 214 L 120 0 0 0 572.7939
C004 215 R 0 1 1 0 463.1125
C004 216 G 180 0 0 0 861.5184
C004 217 F 120 1 1 0 696.1303
C004 218 L 60 0 0 0 573.4989
C004 219 L 30 0 0 0 395.2421
C004 220 G 150 1 1 0 599.5687
C004 221 R 120 0 0 0 500.5298
C004 222 F 0 0 1 1 582.1734
C004 223 L 150 1 0 1 644.8829
C004 224 G 0 0 0 0 594.3732
C004 225 F 90 0 0 0 547.83
C004 226 G 30 0 0 0 537.951
C004 227 R 30 0 0 0 889.156
C004 228 G 60 1 1 0 613.4666
C004 229 L 30 1 1 0 605.5235
C004 230 R 30 1 1 0 590.0034
C004 231 F 60 0 0 0 781.9882
C004 232 F 0 0 0 0 416.4489
C004 233 G 0 1 1 0 490.6648
C004 234 L 180 0 1 1 1517.4482
C004 235 L 60 1 1 0 1226.22
C004 236 L 180 1 1 0 1247.6395
C004 237 F 180 1 1 0 1967.5756
C004 238 F 90 1 1 0 1024.7547
C004 239 F 150 1 1 0 1653.9992
C004 240 L 0 0 0 0 551.7666
C004 241 R 90 1 1 0 764.3081
C004 242 L 150 0 0 0 1502.5176
C004 243 R 0 0 0 0 587.8318
