H007 23 G 0 0 1 1 654.5525
H007 24 F 90 1 1 0 961.061
H007 25 L 120 1 1 0 708.3847
H007 26 L 180 0 0 0 627.9091
H007 27 F 30 0 0 0 428.7984
H007 28 R 180 0 0 0 618.5051
H007 29 R 180 1 0 1 597.7466
H007 30 L 90 1 1 0 382.7232
H007 31 L 30 0 0 0 338.1843
H007 32 R 180 1 1 0 484.0341
H007 33 G 90 0 0 0 401.6354
H007 34 L 60 1 1 0 573.1279
H007 35 G 120 1 1 0 550.7488
H007 36 R 180 0 0 0 650.9408
H007 37 R 120 0 0 0 420.1649
H007 38 G 30 1 1 0 473.2437
H007 39 R 120 0 0 0 422.704
H007 40 F 60 0 0 0 532.987
H007 41 G 120 0 0 0 420.0092
H007 42 F 0 1 1 0 444.0148
H007 43 G 0 1 0 1 345.6839
H007 44 L 30 0 0 0 356.6761
H007 45 F 150 0 0 0 589.4685
H007 46 R 30 1 1 0 390.4577
H007 47 L 60 0 0 0 535.5647
H007 48 L 90 1 1 0 603.9824
H007 49 L 90 0 0 0 435.0374
H007 50 G 180 1 1 0 536.9238
H007 51 R 90 1 1 0 547.4766
H007 52 R 0 0 0 0 370.5351
H007 53 F 60 1 1 0 509.0222
H007 54 F 180 0 1 1 419.9514
H007 55 L 150 0 1 1 416.701
H007 56 F 0 1 1 0 525.7498
H007 57 G 180 0 1 1 500.6418
H007 58 R 60 1 0 1 395.0312
H007 59 L 30 1 1 0 508.4127
H007 60 F 90 1 1 0 489.9352
H007 61 G 150 0 0 0 414.7066
H007 62 R 30 1 1 0 386.1049
H007 63 F 60 0 0 0 404.2206
H007 64 F 0 0 0 0 416.3409
H007 65 G 90 0 0 0 495.9175
H007 66 G 60 1 1 0 389.0201
H007 67 G 0 1 1 0 414.351
H007 68 G 60 0 0 0 382.074
H007 69 F 90 0 0 0 425.3856
H007 70 R 60 1 1 0 360.3899
H007 71 R 150 1 0 1 383.1375
H007 72 L 120 1 1 0 618.7619
H007 73 R 90 0 0 0 396.5602
H007 74 R 0 0 0 0 442.5982
H007 75 L 150 1 1 0 503.0357
H007 76 G 120 1 1 0 486.6487
H007 77 L 120 0 0 0 362.1538
H007 78 L 0 1 1 0 441.2469
H007 79 F 120 0 0 0 384.6603
H007 80 L 0 1 0 1 393.2575
H007 81 L 60 0 0 0 390.6435
H007 82 G 120 0 1 1 398.6007
H007 83 G 180 0 1 1 453.5308
H007 84 R 0 1 1 0 485.3656
H007 85 G 150 1 1 0 491.6706
H007 86 F 180 0 1 1 488.2006
H007 87 G 60 1 1 0 509.1787
H007 88 L 90 0 0 0 359.0982
H007 89 L 0 0 0 0 343.0433
H007 90 F 60 1 1 0 373.6615
H007 91 G 0 0 0 0 379.482
H007 92 G 90 1 1 0 562.7461
H007 93 L 120 0 0 0 441.5399
H007 94 R 120 1 1 0 532.0092
H007 95 R 150 1 1 0 524.2169
H007 96 L 180 1 1 0 530.2389
H007 97 L 30 1 1 0 508.4819
H007 98 R 0 1 1 0 540.7226
H007 99 L 150 1 1 0 481.1612
H007 100 R 60 0 0 0 403.4627
H007 101 F 120 0 0 0 420.3526
H007 102 R 150 0 0 0 503.5062
H007 103 R 30 0 0 0 407.4088
H007 104 F 0 0 0 0 397.7014
H007 105 F 120 1 1 0 487.8059
H007 106 F 30 0 0 0 376.5303
H007 107 F 180 1 1 0 465.9567
H007 108 F 30 1 1 0 495.9443
H007 109 G 30 0 0 0 444.2729
H007 110 L 180 1 1 0 422.6937
H007 111 F 180 1 1 0 521.7065
H007 112 G 150 0 0 0 669.251
H007 113 F 120 1 1 0 474.2318
H007 114 F 150 1 1 0 409.4987
H007 115 R 90 1 1 0 451.7588
H007 116 F 150 1 1 0 583.5303
H007 117 R 150 0 0 0 454.8698
H007 118 L 150 0 0 0 386.936
H007 119 F 150 0 0 0 421.6525
H007 120 G 60 0 0 0 459.4252
H007 121 L 0 0 0 0 392.9731
H007 122 G 90 1 1 0 375.5064
H007 123 L 180 0 0 0 551.5723
H007 124 F 30 1 0 1 375.5128
H007 125 G 30 0 0 0 363.7286
H007 126 G 150 1 1 0 461.3693
H007 127 R 120 1 1 0 499.4646
H007 128 G 30 1 1 0 528.7502
H007 129 R 60 0 0 0 349.6252
H007 130 L 60 1 1 0 526.6189
H007 131 R 90 0 0 0 391.7177
H007 132 G 180 1 1 0 436.0602
H007 133 F 90 0 0 0 370.7401
H007 134 R 30 0 0 0 339.2406
H007 135 R 60 0 0 0 314.8844
H007 136 G 0 0 1 1 303.9803
H007 137 G 120 0 0 0 396.7507
H007 138 F 60 1 1 0 314.3997
H007 139 G 60 1 1 0 428.686
H007 140 R 180 1 0 1 388.8274
H007 141 R 180 1 1 0 693.3529
H007 142 G 30 0 0 0 386.9662
H007 143 L 150 1 1 0 806.2687
H007 144 L 180 0 1 1 457.1737
H007 145 F 30 0 0 0 424.4525
H007 146 F 0 1 1 0 508.0702
H007 147 F 60 0 0 0 376.2738
H007 148 L 30 0 0 0 372.5996
H007 149 R 120 0 0 0 402.9437
H007 150 F 30 0 0 0 396.8317
H007 151 G 150 0 0 0 429.5624
H007 152 R 150 1 0 1 363.7485
H007 153 L 120 1 1 0 526.9114
H007 154 F 0 1 1 0 469.0862
H007 155 G 150 1 1 0 501.4216
H007 156 F 150 1 1 0 519.3629
H007 157 F 180 0 1 1 474.4516
H007 158 G 30 1 1 0 919.7563
H007 159 F 150 0 1 1 423.2018
H007 160 F 0 0 0 0 408.1513
H007 161 R 30 1 1 0 491.3468
H007 162 R 90 1 1 0 539.9248
H007 163 F 0 0 0 0 429.0855
H007 164 G 60 0 0 0 414.5356
H007 165 L 90 1 1 0 432.4186
H007 166 F 180 0 0 0 557.2759
H007 167 G 60 0 0 0 423.6477
H007 168 R 180 0 1 1 410.5005
H007 169 F 90 1 0 1 236.3384
H007 170 R 30 1 1 0 429.4943
H007 171 G 30 0 0 0 371.1625
H007 172 R 60 0 0 0 374.815
H007 173 R 30 0 0 0 307.9095
H007 174 R 60 1 1 0 417.5757
H007 175 G 180 1 0 1 347.3687
H007 176 G 180 0 0 0 791.1436
H007 177 F 120 0 0 0 451.4537
H007 178 G 120 1 1 0 491.6197
H007 179 L 0 1 0 1 776.3411
H007 180 G 30 1 1 0 698.3379
H007 181 L 30 0 0 0 362.7184
H007 182 L 0 1 1 0 469.5432
H007 183 R 90 0 0 0 424.257
H007 184 F 30 1 1 0 455.1361
H007 185 R 150 1 1 0 533.4075
H007 186 F 90 0 0 0 441.5673
H007 187 F 120 1 1 0 518.0021
H007 188 L 60 0 0 0 360.1075
H007 189 R 30 0 0 0 381.6882
H007 190 L 150 1 1 0 809.0422
H007 191 F 30 1 1 0 566.898
H007 192 R 180 0 0 0 578.7981
H007 193 R 120 1 1 0 458.8946
H007 194 F 60 1 1 0 500.9374
H007 195 R 0 1 1 0 478.4427
H007 196 G 90 0 0 0 420.3638
H007 197 G 180 0 1 1 422.8359
H007 198 L 180 1 1 0 489.3954
H007 199 L 30 1 1 0 445.3703
H007 200 G 90 1 1 0 541.1249
H007 201 G 0 0 0 0 327.0315
H007 202 R 150 0 0 0 467.2435
H007 203 L 90 1 1 0 464.811
H007 204 L 120 1 1 0 488.7035
H007 205 L 0 0 0 0 394.513
H007 206 L 120 0 0 0 461.9126
H007 207 R 0 0 0 0 393.1564
H007 208 F 120 1 1 0 452.8293
H007 209 F 90 0 0 0 415.8129
H007 210 L 30 1 1 0 520.039
H007 211 F 180 1 1 0 506.0375
H007 212 R 60 1 1 0 530.5308
H007 213 F 120 0 0 0 380.371
H007 214 G 150 1 1 0 427.5761
H007 215 L 60 1 1 0 525.0991
H007 216 R 120 1 1 0 556.0807
H007 217 R 90 0 0 0 335.1105
H007 218 G 0 1 1 0 417.5436
H007 219 L 60 0 0 0 318.631
H007 220 G 60 1 1 0 427.0822
H007 221 L 90 0 0 0 315.8594
H007 222 F 60 0 0 0 363.1191
H007 223 L 60 1 1 0 365.5582
H007 224 G 120 0 0 0 372.9038
H007 225 R 0 1 1 0 423.401
H007 226 F 150 0 0 0 418.7043
H007 227 G 90 1 1 0 498.4444
H007 228 F 90 1 0 1 368.9729
H007 229 F 150 1 1 0 453.1461
H007 230 G 90 0 0 0 319.204
H007 231 G 0 1 1 0 421.3695
H007 232 R 120 0 0 0 404.907
H007 233 G 180 1 1 0 443.0904
H007 234 F 180 1 1 0 430.0002
H007 235 L 180 0 1 1 543.7347
H007 236 R 0 0 0 0 363.9379
H007 237 L 180 1 1 0 447.6236
H007 238 R 90 1 1 0 579.3524
H007 239 L 150 0 1 1 354.418
H007 240 R 150 0 0 0 355.1644
H007 241 L 90 0 0 0 388.9497
H007 242 L 0 0 0 0 351.3061
H007 243 G 150 0 1 1 358.0964
H007 244 G 120 1 0 1 335.7357
H007 245 L 150 0 0 0 400.6199
H007 246 L 120 0 0 0 589.0941
