D003 37 G 60 1 1 0 1183.6044
D003 38 G 150 0 0 0 878.3665
D003 39 F 150 1 0 1 1067.3878
D003 40 G 60 1 0 1 911.452
D003 41 G 120 1 0 1 861.2295
D003 42 L 150 1 0 1 1868.7778
D003 43 F 30 0 1 1 741.4453
D003 44 F 0 0 9997 1 2000.0363
D003 45 G 30 1 1 0 1345.5945
D003 46 R 60 1 1 0 1089.2003
D003 47 L 120 1 1 0 1363.5977
D003 48 R 30 0 0 0 787.0223
D003 49 L 60 1 1 0 942.2593
D003 50 R 150 0 0 0 853.078
D003 51 R 120 0 0 0 914.9075
D003 52 G 30 0 0 0 843.3108
D003 53 G 120 1 1 0 796.6102
D003 54 L 90 0 0 0 765.9813
D003 55 R 150 0 0 0 743.2497
D003 56 G 150 1 1 0 1019.7341
D003 57 G 150 1 1 0 690.2658
D003 58 L 0 0 0 0 683.3904
D003 59 R 120 1 1 0 870.9659
D003 60 R 30 1 1 0 886.567
D003 61 R 90 0 0 0 1152.354
D003 62 R 180 1 1 0 1101.537
D003 63 L 30 1 1 0 848.2548
D003 64 F 30 0 0 0 1088.9658
D003 65 G 90 0 0 0 903.336
D003 66 R 60 0 0 0 567.2741
D003 67 F 120 1 1 0 720.6831
D003 68 L 90 0 0 0 579.58
D003 69 F 0 1 1 0 531.8923
D003 70 R 0 1 1 0 602.5904
D003 71 R 30 0 0 0 731.6363
D003 72 R 0 0 0 0 877.2712
D003 73 F 150 1 1 0 827.9893
D003 74 G 60 0 0 0 638.4017
D003 75 G 30 1 1 0 731.904
D003 76 F 90 0 0 0 698.6093
D003 77 R 30 1 0 1 867.4614
D003 78 L 0 0 0 0 703.7215
D003 79 R 90 0 0 0 928.3354
D003 80 G 180 0 1 1 663.5868
D003 81 F 0 0 0 0 945.3642
D003 82 F 120 0 0 0 834.537
D003 83 F 30 1 1 0 725.4944
D003 84 F 90 1 1 0 1305.1258
D003 85 G 90 1 1 0 1033.4637
D003 86 R 180 0 0 0 1161.7027
D003 87 L 60 1 1 0 819.3623
D003 88 F 90 0 0 0 607.8494
D003 89 F 60 0 0 0 590.0365
D003 90 L 180 0 0 0 893.0721
D003 91 G 120 0 0 0 655.3113
D003 92 G 150 0 0 0 580.6373
D003 93 G 90 0 0 0 570.7525
D003 94 L 180 1 1 0 1143.8708
D003 95 L 30 0 0 0 764.95
D003 96 R 180 0 0 0 899.3048
D003 97 L 60 0 0 0 616.3705
D003 98 G 60 0 0 0 573.8006
D003 99 L 120 1 1 0 669.6852
D003 100 G 120 0 0 0 602.6512
D003 101 G 180 1 1 0 989.5585
D003 102 F 0 1 0 1 742.3329
D003 103 G 180 1 1 0 983.6045
D003 104 F 30 1 1 0 1005.9389
D003 105 R 60 0 0 0 783.592
D003 106 F 180 1 1 0 908.9488
D003 107 G 0 0 0 0 627.7999
D003 108 L 90 1 1 0 804.1608
D003 109 F 180 0 0 0 1294.6977
D003 110 G 90 1 1 0 1126.2182
D003 111 F 60 1 1 0 1147.1937
D003 112 F 120 0 0 0 787.2742
D003 113 L 150 0 0 0 1078.5748
D003 114 L 30 0 0 0 666.5559
D003 115 L 30 1 1 0 575.0908
D003 116 R 120 0 0 0 906.718
D003 117 L 60 0 0 0 1151.2335
D003 118 R 120 1 1 0 832.7082
D003 119 F 150 0 0 0 830.1489
D003 120 L 0 1 1 0 771.5246
D003 121 F 60 1 1 0 830.2429
D003 122 G 30 0 0 0 652.2174
D003 123 R 60 1 1 0 733.2464
D003 124 L 150 0 0 0 841.4867
D003 125 R 180 1 1 0 928.0022
D003 126 F 60 0 0 0 918.9915
D003 127 L 180 1 1 0 593.8497
D003 128 R 0 0 0 0 869.231
D003 129 L 180 0 0 0 1241.9855
D003 130 L 0 1 1 0 694.0088
D003 131 G 0 1 1 0 809.1767
D003 132 F 180 1 1 0 1988.8344
D003 133 G 0 1 1 0 933.5345
D003 134 R 150 1 0 1 1484.0491
D003 135 L 120 0 0 0 845.1538
D003 136 G 0 0 0 0 1084.6977
D003 137 L 120 0 0 0 621.9178
D003 138 R 90 1 1 0 575.9223
D003 139 F 180 0 0 0 1092.0517
D003 140 F 120 1 1 0 964.4966
D003 141 R 0 1 1 0 741.7959
D003 142 F 150 0 0 0 962.2137
D003 143 F 90 1 1 0 1010.9437
D003 144 R 90 1 1 0 1121.1969
D003 145 G 180 0 0 0 1612.2478
D003 146 L 150 1 1 0 1285.1935
D003 147 R 150 1 1 0 1263.3336
D003 148 L 90 1 1 0 995.852
D003 149 R 90 0 0 0 790.3293
D003 150 L 150 0 0 0 696.9407
D003 151 L 90 1 1 0 814.0448
D003 152 G 0 1 1 0 869.7411
D003 153 F 90 0 0 0 766.8017
D003 154 G 180 1 1 0 771.955
D003 155 R 120 0 0 0 786.1418
D003 156 R 180 1 9997 1 2000.0371
D003 157 G 120 1 1 0 877.8011
D003 158 R 120 0 0 0 754.6475
D003 159 R 90 1 1 0 866.7144
D003 160 L 180 0 0 0 1017.6652
D003 161 R 180 0 0 0 1215.0024
D003 162 R 60 1 1 0 761.29
D003 163 F 90 0 0 0 753.9842
D003 164 F 150 1 1 0 835.303
D003 165 L 120 1 1 0 1332.9024
D003 166 G 90 0 0 0 765.1996
D003 167 G 60 0 0 0 544.4477
D003 168 R 60 0 0 0 518.1066
D003 169 L 150 0 0 0 755.8935
D003 170 R 0 0 0 0 544.8939
D003 171 R 180 0 0 0 823.3856
D003 172 R 90 0 0 0 550.4364
D003 173 G 180 0 0 0 591.874
D003 174 G 0 0 0 0 448.323
D003 175 F 30 1 1 0 646.1134
D003 176 R 30 0 0 0 637.237
D003 177 G 150 1 1 0 1181.1533
D003 178 G 90 1 1 0 960.9542
D003 179 R 60 1 1 0 896.1959
D003 180 L 120 0 0 0 765.8005
D003 181 F 90 1 1 0 849.7859
D003 182 L 60 0 0 0 605.9866
D003 183 G 30 1 1 0 703.0882
D003 184 G 0 1 1 0 855.8252
D003 185 F 30 1 1 0 715.882
D003 186 L 30 0 0 0 988.4498
D003 187 R 150 0 0 0 1117.052
D003 188 L 60 1 1 0 639.4535
D003 189 F 180 0 0 0 1000.6372
D003 190 R 0 1 1 0 741.6949
D003 191 F 0 0 0 0 586.2036
D003 192 G 150 0 0 0 868.0094
D003 193 F 120 0 0 0 611.6255
D003 194 L 0 0 0 0 533.538
D003 195 L 180 0 0 0 616.8783
D003 196 L 180 1 1 0 764.4668
D003 197 R 0 1 1 0 636.5587
D003 198 L 30 1 1 0 781.753
D003 199 L 30 1 1 0 678.8965
D003 200 L 90 0 1 1 816.1856
D003 201 L 120 1 1 0 1427.8585
D003 202 G 150 1 1 0 881.3221
D003 203 F 0 0 0 0 581.3938
D003 204 R 120 1 1 0 760.8936
D003 205 R 0 0 0 0 792.4156
D003 206 F 150 0 0 0 625.3496
D003 207 L 120 0 0 0 588.278
D003 208 L 150 1 1 0 975.483
D003 209 L 0 1 1 0 900.8707
D003 210 G 150 0 0 0 994.9194
D003 211 F 180 1 1 0 1427.0388
D003 212 G 120 0 0 0 712.3586
D003 213 R 90 1 1 0 802.516
D003 214 L 0 1 1 0 716.6117
D003 215 F 120 1 1 0 902.634
D003 216 F 120 1 1 0 764.0238
D003 217 F 30 0 0 0 663.9626
D003 218 L 150 1 1 0 1302.6163
D003 219 F 120 0 0 0 674.6979
D003 220 F 60 0 0 0 510.421
D003 221 F 180 0 1 1 531.9231
D003 222 F 150 1 1 0 559.3689
D003 223 G 120 0 0 0 825.0715
D003 224 R 150 1 1 0 705.6664
D003 225 G 180 1 1 0 775.7027
D003 226 F 0 1 1 0 707.9903
D003 227 G 60 0 0 0 736.7659
D003 228 L 60 0 0 0 527.3416
D003 229 R 60 0 0 0 483.6803
D003 230 L 60 1 1 0 516.8835
D003 231 G 90 0 0 0 705.6237
D003 232 R 30 0 0 0 488.2706
D003 233 L 180 1 1 0 487.6049
D003 234 R 30 1 1 0 680.5318
D003 235 R 180 1 1 0 1270.7002
D003 236 R 150 1 1 0 684.1524
D003 237 F 60 1 1 0 701.0856
D003 238 F 180 1 1 0 1687.8677
D003 239 G 60 1 1 0 1180.0438
D003 240 L 0 0 0 0 596.518
D003 241 G 30 0 0 0 628.8999
D003 242 F 60 0 0 0 510.8735
D003 243 F 150 0 0 0 725.1517
D003 244 R 30 1 1 0 635.8748
D003 245 R 120 1 1 0 769.3294
D003 246 G 90 1 1 0 708.2643
D003 247 F 90 1 1 0 695.9868
D003 248 L 30 0 0 0 770.7721
D003 249 L 90 1 1 0 665.0839
D003 250 F 30 0 0 0 643.8021
D003 251 G 30 1 1 0 586.5881
D003 252 G 180 0 1 1 572.9406
D003 253 G 0 0 0 0 683.3659
D003 254 L 90 0 0 0 769.2986
D003 255 F 60 1 1 0 576.9063
D003 256 G 120 1 1 0 1033.3958
D003 257 G 30 0 0 0 665.1132
D003 258 R 150 0 0 0 574.1914
D003 259 F 0 1 1 0 566.4987
D003 260 G 60 1 1 0 718.8606
