B005 26 R 30 1 1 0 1799.486
B005 27 R 150 1 1 0 1704.9418
B005 28 L 90 0 0 0 1391.3497
B005 29 G 120 0 0 0 1489.5854
B005 30 R 120 0 0 0 1413.1221
B005 31 F 120 1 9997 1 2000.0391
B005 32 L 30 0 0 0 707.0237
B005 33 F 180 1 0 1 1500.3032
B005 34 G 60 0 0 0 804.754
B005 35 L 150 1 1 0 1311.2776
B005 36 L 60 0 0 0 760.5196
B005 37 R 0 1 1 0 748.8128
B005 38 F 120 0 0 0 814.3767
B005 39 R 120 1 1 0 1163.0196
B005 40 G 0 1 0 1 650.0966
B005 41 G 30 1 1 0 413.2061
B005 42 R 120 0 0 0 1211.6554
B005 43 R 150 0 0 0 776.6224
B005 44 R 30 0 0 0 1543.423
B005 45 G 150 1 1 0 1165.9694
B005 46 R 0 0 0 0 970.6647
B005 47 R 120 1 1 0 966.3703
B005 48 F 180 0 0 0 1110.3059
B005 49 L 150 0 0 0 796.4523
B005 50 F 60 1 1 0 882.4046
B005 51 F 90 0 0 0 1087.5854
B005 52 L 60 1 1 0 842.9222
B005 53 R 0 0 0 0 694.0715
B005 54 L 150 1 1 0 1144.5335
B005 55 R 90 1 1 0 865.6617
B005 56 G 60 1 1 0 881.5844
B005 57 F 150 1 1 0 921.8364
B005 58 L 120 1 1 0 781.2979
B005 59 F 150 0 0 0 710.0939
B005 60 L 180 1 1 0 613.6448
B005 61 L 90 1 1 0 1629.4037
B005 62 L 60 0 0 0 589.7766
B005 63 G 180 0 1 1 807.765
B005 64 F 0 1 1 0 1107.4142
B005 65 R 180 1 1 0 1176.1707
B005 66 F 150 1 1 0 1685.3396
B005 67 R 180 0 0 0 1787.4244
B005 68 L 120 0 0 0 1116.0541
B005 69 G 120 1 1 0 1180.2995
B005 70 L 120 1 1 0 949.1382
B005 71 G 0 1 1 0 882.6035
B005 72 G 120 0 1 1 884.9918
B005 73 R 30 0 0 0 751.916
B005 74 R 0 1 1 0 628.6833
B005 75 L 120 0 0 0 958.7478
B005 76 L 0 0 0 0 532.6543
B005 77 R 180 1 0 1 1552.0892
B005 78 R 150 0 0 0 955.2005
B005 79 R 60 1 1 0 932.5763
B005 80 G 30 0 0 0 1012.0557
B005 81 R 90 1 1 0 1188.924
B005 82 L 30 1 0 1 945.5367
B005 83 G 60 0 0 0 1621.7634
B005 84 R 60 0 1 1 688.5356
B005 85 L 0 0 0 0 751.9819
B005 86 G 120 1 1 0 1120.5055
B005 87 F 60 0 0 0 723.3193
B005 88 G 180 1 9997 1 2000.0408
B005 89 L 60 1 1 0 910.9012
B005 90 G 30 0 0 0 859.8679
B005 91 R 90 0 0 0 1210.1591
B005 92 L 0 1 1 0 817.6224
B005 93 F 120 0 0 0 802.4324
B005 94 G 90 0 0 0 835.126
B005 95 F 30 1 1 0 720.1276
B005 96 F 180 0 0 0 1124.0018
B005 97 G 60 1 1 0 1035.3249
B005 98 G 150 0 9997 1 2000.0232
B005 99 F 120 1 9997 1 2000.0218
B005 100 G 180 1 1 0 1003.1328
B005 101 L 90 1 1 0 1071.408
B005 102 F 30 1 1 0 825.0071
B005 103 F 30 0 0 0 697.5375
B005 104 F 150 0 0 0 1024.6869
B005 105 G 90 0 0 0 759.4457
B005 106 F 30 0 0 0 588.5703
B005 107 R 30 1 1 0 841.1008
B005 108 L 180 0 0 0 1730.8904
B005 109 G 30 1 1 0 1207.3236
B005 110 G 150 1 1 0 1408.5695
B005 111 F 90 1 9997 1 2000.0388
B005 112 F 0 1 1 0 755.6703
B005 113 R 60 0 0 0 662.016
B005 114 L 150 0 0 0 957.8751
B005 115 G 150 0 0 0 830.3354
B005 116 R 60 1 1 0 787.2207
B005 117 G 0 0 0 0 669.1364
B005 118 F 0 0 0 0 612.703
B005 119 G 90 1 1 0 632.1345
B005 120 F 60 0 0 0 736.7713
B005 121 L 90 0 0 0 677.3383
B005 122 G 90 1 1 0 698.3016
B005 123 G 180 0 1 1 969.2128
B005 124 L 30 0 0 0 631.5009
B005 125 F 90 0 0 0 685.2823
B005 126 G 0 0 0 0 433.7624
B005 127 F 90 1 1 0 799.5977
B005 128 L 30 1 0 1 715.8865
B005 129 F 60 1 1 0 1158.393
B005 130 F 0 0 0 0 626.3737
B005 131 R 180 0 9997 1 2000.0416
B005 132 L 180 1 9997 1 2000.0408
B005 133 F 180 1 1 0 1497.2828
B005 134 R 90 0 0 0 1009.2867
B005 135 L 0 1 1 0 909.7382
B005 136 R 150 1 0 1 922.7
B005 137 L 180 0 9997 1 2000.0386
B005 138 G 60 1 1 0 976.1523
B005 139 G 0 0 0 0 788.5673
B005 140 L 0 0 0 0 566.3795
B005 141 L 60 0 0 0 508.7789
B005 142 G 120 0 0 0 848.4277
B005 143 G 0 1 1 0 608.779
B005 144 F 150 0 0 0 745.1754
B005 145 R 120 1 1 0 1018.0607
B005 146 F 60 1 1 0 1043.2608
B005 147 L 0 1 1 0 947.1505
B005 148 L 120 1 1 0 985.1431
B005 149 G 180 1 1 0 827.6155
B005 150 R 30 0 0 0 708.9689
B005 151 R 0 0 0 0 461.9562
B005 152 G 180 1 1 0 560.7743
B005 153 F 60 1 1 0 717.568
B005 154 R 0 1 1 0 601.5622
B005 155 L 180 1 1 0 1084.3054
B005 156 R 180 0 1 1 1165.8127
B005 157 R 120 0 0 0 730.5672
B005 158 R 120 0 0 0 1153.7614
B005 159 G 90 1 1 0 850.3623
B005 160 L 180 0 0 0 1675.3048
B005 161 F 150 1 1 0 1202.5322
B005 162 F 180 1 9997 1 2000.0408
B005 163 G 150 0 0 0 1195.4486
B005 164 G 150 1 1 0 877.7322
B005 165 G 60 0 0 0 903.8283
B005 166 L 150 1 1 0 996.635
B005 167 F 30 1 1 0 1748.5546
B005 168 L 90 1 1 0 700.7983
B005 169 L 0 0 0 0 616.3024
B005 170 F 90 0 0 0 841.481
B005 171 L 120 0 0 0 915.9346
B005 172 R 30 1 1 0 1045.1767
B005 173 L 150 1 1 0 911.3957
B005 174 L 90 0 0 0 704.9656
B005 175 R 30 1 1 0 888.0489
B005 176 R 90 1 1 0 952.4526
B005 177 F 180 0 1 1 705.9299
B005 178 R 60 1 1 0 939.8407
B005 179 R 180 1 9997 1 2000.0416
B005 180 F 60 0 0 0 1165.8566
B005 181 R 60 0 0 0 786.5625
B005 182 G 0 1 1 0 641.6726
B005 183 R 150 1 9997 1 2000.0408
B005 184 F 30 0 0 0 586.4402
B005 185 L 120 0 0 0 543.8694
B005 186 R 60 1 1 0 1034.0848
B005 187 R 180 1 1 0 1198.6814
B005 188 G 120 1 1 0 1465.7977
B005 189 F 120 1 1 0 1045.7167
B005 190 L 60 1 1 0 1008.7486
B005 191 L 60 0 0 0 765.1447
B005 192 G 120 1 1 0 1184.6223
B005 193 F 0 0 0 0 586.9754
B005 194 F 0 1 1 0 713.4703
B005 195 F 30 0 0 0 633.193
B005 196 L 0 1 1 0 770.8684
B005 197 L 90 1 1 0 710.7384
B005 198 G 150 0 0 0 928.4755
B005 199 R 0 0 0 0 732.0486
B005 200 F 30 1 1 0 738.5056
B005 201 G 90 0 0 0 738.0924
B005 202 G 90 1 1 0 685.6483
B005 203 G 60 1 1 0 583.4655
B005 204 G 30 0 0 0 675.2325
B005 205 L 30 1 1 0 824.3808
B005 206 R 30 0 0 0 751.3734
B005 207 G 150 1 1 0 902.1507
B005 208 G 60 0 0 0 659.9844
B005 209 G 30 0 0 0 582.4358
B005 210 F 150 0 0 0 712.4749
B005 211 G 0 0 0 0 436.8533
B005 212 R 90 0 0 0 443.5039
B005 213 F 120 0 0 0 443.2016
B005 214 G 30 1 0 1 430.2485
B005 215 L 180 0 0 0 1298.6706
B005 216 R 0 1 1 0 865.8469
B005 217 L 150 0 0 0 724.1499
B005 218 G 180 0 1 1 827.4012
B005 219 L 150 0 0 0 686.6607
B005 220 L 180 1 1 0 751.8732
B005 221 L 30 0 0 0 609.9353
B005 222 L 60 1 1 0 1164.3457
B005 223 L 30 0 0 0 929.1782
B005 224 L 30 1 1 0 911.7234
B005 225 F 120 0 0 0 687.455
B005 226 R 120 1 1 0 1008.6737
B005 227 F 60 0 0 0 511.1957
B005 228 R 60 0 0 0 623.912
B005 229 G 180 0 0 0 1018.6032
B005 230 F 90 0 0 0 552.6063
B005 231 R 150 1 0 1 610.0616
B005 232 R 90 0 0 0 689.1532
B005 233 R 180 0 0 0 1243.8994
B005 234 R 90 1 1 0 1311.9321
B005 235 L 120 1 1 0 1005.8689
B005 236 G 120 0 0 0 858.3884
B005 237 L 90 0 0 0 570.3767
B005 238 F 90 1 1 0 731.16
B005 239 F 0 1 1 0 844.6783
B005 240 G 30 1 1 0 764.9763
B005 241 F 120 1 1 0 743.7638
B005 242 F 0 0 0 0 541.1705
B005 243 F 180 0 1 1 570.6558
B005 244 F 90 1 1 0 875.9169
B005 245 G 90 0 0 0 928.5806
B005 246 R 150 0 0 0 776.8479
B005 247 F 150 1 1 0 857.6816
B005 248 R 150 0 1 1 908.8225
B005 249 F 180 1 1 0 607.7717
