A226 20 R 0 1 1 0 797.2516
A226 21 L 0 1 1 0 1145.1654
A226 22 F 120 0 0 0 1104.0627
A226 23 F 120 1 1 0 597.0776
A226 24 F 30 1 1 0 668.2391
A226 25 L 90 1 0 1 798.8499
A226 26 G 120 1 1 0 732.6233
A226 27 F 60 1 1 0 568.7773
A226 28 G 30 0 0 0 640.4666
A226 29 R 30 0 1 1 539.9873
A226 30 F 120 0 1 1 870.1503
A226 31 G 180 1 1 0 757.2541
A226 32 F 90 0 0 0 474.1594
A226 33 G 90 0 0 0 667.3032
A226 34 F 150 1 1 0 612.6424
A226 35 L 120 1 1 0 711.0968
A226 36 G 150 1 1 0 664.3626
A226 37 R 30 1 1 0 626.7067
A226 38 R 60 0 1 1 488.6459
A226 39 L 120 1 1 0 635.9196
A226 40 L 180 1 1 0 855.1743
A226 41 L 90 0 0 0 560.2254
A226 42 G 30 1 1 0 926.5077
A226 43 F 0 1 1 0 554.9761
A226 44 L 60 1 1 0 588.4281
A226 45 F 90 0 1 1 506.8815
A226 46 F 90 1 1 0 727.6171
A226 47 G 90 1 1 0 541.77
A226 48 L 0 1 1 0 556.6423
A226 49 R 30 1 1 0 509.643
A226 50 G 60 1 1 0 453.7756
A226 51 G 150 0 0 0 427.4163
A226 52 R 0 0 0 0 446.4428
A226 53 G 60 0 0 0 426.0609
A226 54 F 30 1 1 0 531.2608
A226 55 G 30 1 1 0 646.3458
A226 56 L 30 1 1 0 648.8121
A226 57 F 0 1 1 0 424.1863
A226 58 R 150 0 0 0 607.6574
A226 59 R 120 1 1 0 578.2802
A226 60 G 60 0 0 0 469.7686
A226 61 G 150 0 0 0 588.3343
A226 62 L 120 0 0 0 477.2755
A226 63 R 90 1 1 0 521.2987
A226 64 L 0 0 0 0 804.4486
A226 65 R 0 0 1 1 568.4935
A226 66 F 30 0 0 0 445.8731
A226 67 G 180 0 1 1 630.7458
A226 68 L 150 0 0 0 739.6258
A226 69 R 180 1 1 0 805.2414
A226 70 R 90 0 0 0 822.5548
A226 71 F 180 1 1 0 716.4936
A226 72 R 150 0 0 0 1146.1295
A226 73 F 180 0 0 0 755.591
A226 74 G 0 1 1 0 760.9185
A226 75 R 30 0 0 0 817.8922
A226 76 L 60 0 0 0 555.6044
A226 77 F 0 0 0 0 522.3667
A226 78 R 60 1 1 0 573.8042
A226 79 R 120 1 1 0 537.3261
A226 80 R 180 0 1 1 672.6059
A226 81 R 60 1 1 0 909.6497
A226 82 F 150 0 0 0 739.9714
A226 83 F 60 0 0 0 482.8334
A226 84 L 180 1 1 0 948.4205
A226 85 F 60 0 0 0 572.7105
A226 86 F 30 0 0 0 475.6093
A226 87 G 90 1 1 0 733.995
A226 88 G 180 1 1 0 1318.6218
A226 89 G 90 0 0 0 478.6187
A226 90 G 150 1 1 0 563.5144
A226 91 F 150 0 0 0 575.5972
A226 92 L 30 0 0 0 722.5502
A226 93 G 30 0 0 0 661.4151
A226 94 L 60 0 0 0 475.2137
A226 95 L 90 0 0 0 471.7695
A226 96 L 120 0 0 0 451.4859
A226 97 F 180 1 1 0 559.9871
A226 98 R 90 0 0 0 543.4277
A226 99 F 90 1 1 0 631.2378
A226 100 G 120 0 0 0 523.1282
A226 101 R 150 1 1 0 618.9854
A226 102 R 150 1 1 0 420.8001
A226 103 F 150 1 1 0 927.7051
A226 104 G 0 0 0 0 1087.6938
A226 105 R 0 1 1 0 700.8835
A226 106 L 60 1 1 0 611.9518
A226 107 R 180 1 0 1 551.6201
A226 108 L 30 0 0 0 475.9222
A226 109 G 0 0 0 0 299.5836
A226 110 G 180 0 1 1 454.8262
A226 111 L 0 0 0 0 454.3413
A226 112 L 180 0 1 1 564.0077
A226 113 F 180 0 0 0 728.3409
A226 114 R 120 0 0 0 862.4448
A226 115 F 60 1 0 1 520.2184
A226 116 L 150 1 1 0 769.4347
A226 117 G 60 1 1 0 582.2176
A226 118 G 120 1 1 0 697.299
A226 119 R 180 0 0 0 1361.6675
A226 120 F 0 0 0 0 590.8779
A226 121 L 90 1 1 0 717.9949
A226 122 L 180 0 1 1 586.2622
A226 123 L 150 1 1 0 799.0063
A226 124 R 90 1 1 0 1106.0783
A226 125 F 120 1 1 0 973.5673
A226 126 L 30 1 1 0 870.9423
A226 127 L 150 0 0 0 804.9666
A226 128 R 120 0 0 0 649.3367
A226 129 G 120 0 0 0 560.2324
A226 130 G 0 1 1 0 625.5077
A226 131 R 60 0 0 0 792.5002
A226 132 L 150 1 1 0 867.039
A226 133 R 30 0 0 0 765.6758
A226 134 L 0 0 0 0 528.7644
A226 135 G 180 0 1 1 521.7954
A226 136 G 90 1 1 0 751.6494
A226 137 F 30 0 0 0 573.683
A226 138 G 120 0 0 0 582.2008
A226 139 L 180 0 0 0 1177.4189
A226 140 R 180 1 1 0 832.8458
A226 141 R 30 1 1 0 601.2644
A226 142 G 120 1 1 0 1315.8373
A226 143 F 60 1 1 0 713.382
A226 144 R 150 1 1 0 750.9474
A226 145 R 60 1 1 0 560.9889
A226 146 F 120 0 1 1 572.0115
A226 147 L 60 1 1 0 690.7568
A226 148 F 90 1 1 0 751.5145
A226 149 L 30 1 1 0 674.2343
A226 150 G 60 1 1 0 561.9792
A226 151 F 150 0 0 0 626.7981
A226 152 G 60 0 0 0 472.2667
A226 153 G 60 1 1 0 566.1837
A226 154 F 180 0 0 0 1178.3506
A226 155 G 120 1 1 0 1720.4902
A226 156 R 30 1 1 0 567.9979
A226 157 L 90 1 1 0 475.333
A226 158 L 120 0 0 0 584.9523
A226 159 L 180 1 1 0 582.7936
A226 160 R 150 0 0 0 636.6977
A226 161 F 90 1 1 0 625.6963
A226 162 G 180 1 1 0 1167.2268
A226 163 F 30 1 1 0 519.6965
A226 164 R 120 1 1 0 790.4155
A226 165 L 30 1 1 0 563.3051
A226 166 R 120 0 0 0 662.2845
A226 167 G 30 1 1 0 1523.1693
A226 168 F 0 0 0 0 481.5218
A226 169 G 120 0 0 0 585.1378
A226 170 G 60 0 0 0 606.8891
A226 171 L 180 1 1 0 739.9169
A226 172 R 180 0 0 0 979.7203
A226 173 R 120 0 0 0 516.1321
A226 174 L 150 0 0 0 619.8835
A226 175 G 0 1 1 0 618.6538
A226 176 R 150 1 1 0 671.3241
A226 177 L 180 0 0 0 862.1045
A226 178 L 60 1 1 0 640.2596
A226 179 G 30 1 1 0 634.0367
A226 180 F 90 0 0 0 531.0262
A226 181 G 180 1 1 0 645.774
A226 182 G 0 0 0 0 503.8621
A226 183 L 150 0 0 0 565.326
A226 184 R 60 1 1 0 572.1967
A226 185 F 30 0 0 0 565.5607
A226 186 F 120 1 1 0 596.3529
A226 187 R 60 0 0 0 473.5999
A226 188 R 150 0 0 0 600.4663
A226 189 R 0 0 0 0 524.3443
A226 190 L 0 1 1 0 699.7412
A226 191 G 90 0 0 0 520.4723
A226 192 L 120 0 0 0 518.0432
A226 193 R 90 1 1 0 761.435
A226 194 R 120 1 1 0 565.0551
A226 195 F 90 0 0 0 610.5164
A226 196 G 150 1 1 0 838.244
A226 197 F 120 1 1 0 661.5296
A226 198 F 30 1 1 0 406.6972
A226 199 F 180 0 0 0 734.0257
A226 200 L 120 1 1 0 656.3787
A226 201 F 150 0 0 0 572.9812
A226 202 R 0 1 1 0 561.1018
A226 203 F 0 1 1 0 434.86
A226 204 G 150 0 0 0 544.1108
A226 205 L 0 1 1 0 567.0366
A226 206 G 90 1 1 0 657.6149
A226 207 F 60 0 0 0 478.049
A226 208 R 30 0 0 0 550.1451
A226 209 L 30 0 0 0 417.6031
A226 210 R 180 0 1 1 496.2304
A226 211 L 0 0 0 0 471.9192
A226 212 G 150 0 0 0 552.3909
A226 213 F 0 1 1 0 534.0469
A226 214 L 60 0 0 0 409.4255
A226 215 R 90 0 0 0 535.5063
A226 216 G 0 1 1 0 524.717
A226 217 L 60 0 0 0 395.5511
A226 218 L 90 1 1 0 606.6981
A226 219 G 180 0 0 0 1132.0327
A226 220 R 60 0 0 0 485.2466
A226 221 L 30 0 0 0 402.7897
A226 222 L 90 0 0 0 455.3344
A226 223 G 90 0 0 0 558.5154
A226 224 G 30 0 0 0 392.8008
A226 225 G 0 0 0 0 356.6149
A226 226 R 90 0 0 0 437.6539
A226 227 R 90 1 1 0 744.6064
A226 228 R 0 1 1 0 411.1028
A226 229 F 150 1 1 0 641.84
A226 230 F 120 0 0 0 587.1123
A226 231 F 180 1 1 0 1333.6039
A226 232 F 180 1 1 0 717.4105
A226 233 L 150 1 1 0 453.1813
A226 234 R 180 1 1 0 759.2585
A226 235 F 0 0 0 0 1096.6782
A226 236 L 90 0 0 0 534.3539
A226 237 G 150 1 1 0 977.8871
A226 238 G 30 0 0 0 750.7418
A226 239 L 120 1 1 0 740.7916
A226 240 F 60 1 1 0 441.7573
A226 241 F 60 0 0 0 431.9488
A226 242 R 0 0 0 0 544.3893
A226 243 F 150 1 1 0 723.8649
