A113 21 L 0 1 0 1 1795.5017
A113 22 G 120 1 1 0 244.6127
A113 23 R 60 1 1 0 1158.3939
A113 24 R 30 0 0 0 676.1672
A113 25 F 150 0 0 0 1848.8207
A113 26 F 0 1 1 0 794.5066
A113 27 L 150 1 0 1 1349.571
A113 28 G 90 0 0 0 1348.993
A113 29 R 150 0 0 0 970.7362
A113 30 G 30 0 0 0 598.0891
A113 31 L 60 1 1 0 828.0594
A113 32 G 180 0 1 1 1287.5913
A113 33 L 90 1 1 0 1406.3681
A113 34 F 150 1 1 0 863.034
A113 35 R 0 1 1 0 1008.9492
A113 36 R 150 0 0 0 1791.9135
A113 37 F 120 0 0 0 709.6061
A113 38 G 90 1 1 0 1319.6535
A113 39 G 30 0 0 0 648.0676
A113 40 L 150 0 0 0 821.1918
A113 41 F 30 1 1 0 590.2253
A113 42 R 90 1 1 0 799.9332
A113 43 G 90 0 0 0 590.2021
A113 44 R 90 0 0 0 574.2364
A113 45 F 60 0 0 0 504.7102
A113 46 L 30 1 1 0 541.5339
A113 47 R 0 0 0 0 447.7619
A113 48 G 0 0 0 0 574.6121
A113 49 L 60 0 0 0 526.0786
A113 50 F 180 0 1 1 531.5081
A113 51 L 180 1 0 1 1134.747
A113 52 L 60 1 1 0 1067.31
A113 53 L 0 0 0 0 682.285
A113 54 G 120 0 0 0 640.5526
A113 55 F 0 0 0 0 565.0162
A113 56 G 0 1 1 0 901.8166
A113 57 L 180 0 1 1 642.673
A113 58 G 30 1 1 0 915.2197
A113 59 G 180 0 0 0 1502.8343
A113 60 R 180 1 1 0 1355.8346
A113 61 L 0 0 0 0 1099.062
A113 62 R 120 1 1 0 658.2275
A113 63 G 150 1 1 0 1251.2875
A113 64 R 180 1 1 0 641.3167
A113 65 L 120 0 0 0 987.9834
A113 66 F 60 0 0 0 602.5495
A113 67 F 90 1 1 0 699.3313
A113 68 L 120 1 1 0 737.9932
A113 69 R 90 0 0 0 551.5542
A113 70 F 150 0 0 0 495.7446
A113 71 L 30 0 0 0 596.4677
A113 72 F 0 1 1 0 614.0127
A113 73 G 60 1 1 0 752.461
A113 74 G 60 0 0 0 619.0256
A113 75 F 120 1 1 0 653.1738
A113 76 R 150 1 1 0 737.0898
A113 77 R 0 0 0 0 624.0014
A113 78 G 120 0 0 0 705.2695
A113 79 F 60 1 1 0 702.1608
A113 80 R 150 1 1 0 733.0867
A113 81 R 30 1 1 0 785.6429
A113 82 G 60 1 1 0 1139.4149
A113 83 L 90 1 1 0 1026.452
A113 84 F 180 1 1 0 1590.1865
A113 85 G 150 0 1 1 686.2688
A113 86 F 60 1 1 0 743.9513
A113 87 L 150 1 1 0 1378.759
A113 88 R 30 1 1 0 778.7909
A113 89 G 0 0 0 0 495.1484
A113 90 F 180 1 1 0 1405.2753
A113 91 G 30 1 1 0 948.2792
A113 92 F 30 0 0 0 655.285
A113 93 L 150 0 0 0 1139.375
A113 94 F 120 0 0 0 628.1357
A113 95 L 180 0 1 1 606.8523
A113 96 R 120 0 0 0 763.5359
A113 97 G 60 0 0 0 585.8141
A113 98 L 180 1 1 0 787.7362
A113 99 G 180 1 1 0 736.1561
A113 100 L 30 0 0 0 571.0226
A113 101 R 30 0 0 0 489.2725
A113 102 L 30 1 1 0 878.4253
A113 103 G 0 1 1 0 863.5223
A113 104 F 0 0 0 0 450.6936
A113 105 R 60 0 0 0 437.9048
A113 106 R 90 1 1 0 615.7601
A113 107 R 60 1 1 0 514.2838
A113 108 G 120 1 1 0 1238.9315
A113 109 L 60 0 0 0 528.8038
A113 110 G 150 1 1 0 557.5119
A113 111 L 120 1 1 0 673.9418
A113 112 F 90 1 1 0 535.3152
A113 113 R 60 0 0 0 545.0492
A113 114 F 30 0 0 0 428.6137
A113 115 R 180 0 1 1 646.64
A113 116 L 90 0 0 0 812.529
A113 117 F 30 1 1 0 571.7414
A113 118 F 120 1 1 0 616.7365
A113 119 L 0 1 1 0 629.7638
A113 120 G 90 1 1 0 704.8834
A113 121 F 150 1 1 0 907.5014
A113 122 F 180 0 1 1 805.7345
A113 123 F 90 0 0 0 574.2906
A113 124 F 90 0 0 0 524.1728
A113 125 R 120 0 0 0 729.0035
A113 126 L 120 0 0 0 676.2128
A113 127 L 90 0 0 0 514.3184
A113 128 R 120 1 1 0 799.5052
A113 129 G 180 1 1 0 838.2817
A113 130 R 180 0 0 0 1036.7189
A113 131 G 150 0 0 0 918.4452
A113 132 R 0 1 1 0 901.8026
A113 133 L 90 1 1 0 616.0632
A113 134 L 150 1 1 0 540.4321
A113 135 G 120 1 1 0 543.751
A113 136 L 150 1 1 0 895.4943
A113 137 G 30 0 0 0 559.965
A113 138 G 0 1 1 0 728.3225
A113 139 L 180 0 1 1 481.5928
A113 140 G 60 1 1 0 631.5331
A113 141 L 120 1 1 0 831.8672
A113 142 G 60 0 0 0 560.8629
A113 143 G 30 1 1 0 723.7733
A113 144 F 180 0 0 0 1014.3672
A113 145 G 30 0 0 0 521.2802
A113 146 L 30 1 1 0 682.4898
A113 147 G 0 0 0 0 460.4457
A113 148 R 30 1 1 0 658.7008
A113 149 R 60 0 0 0 469.2809
A113 150 F 30 0 0 0 591.2802
A113 151 G 180 1 1 0 519.0243
A113 152 L 180 1 1 0 869.2557
A113 153 F 60 0 0 0 472.8674
A113 154 L 180 0 1 1 593.9096
A113 155 F 0 0 0 0 553.7089
A113 156 L 0 1 1 0 668.3531
A113 157 L 30 0 0 0 577.8969
A113 158 L 150 0 1 1 832.7871
A113 159 F 180 1 1 0 638.2915
A113 160 F 150 0 0 0 1170.0677
A113 161 R 60 0 0 0 579.2717
A113 162 R 120 0 0 0 634.7122
A113 163 G 90 0 0 0 618.5348
A113 164 R 180 1 1 0 1447.085
A113 165 R 120 0 0 0 839.1052
A113 166 G 180 0 1 1 820.2411
A113 167 R 150 1 1 0 709.8698
A113 168 L 120 0 0 0 1026.716
A113 169 R 150 0 0 0 574.9287
A113 170 R 150 0 0 0 492.6428
A113 171 R 0 0 0 0 626.4495
A113 172 F 60 0 0 0 606.3245
A113 173 L 150 0 0 0 738.027
A113 174 R 180 0 0 0 862.6032
A113 175 R 0 1 1 0 701.6571
A113 176 F 0 1 1 0 673.8463
A113 177 L 60 1 1 0 741.157
A113 178 R 90 0 0 0 649.1694
A113 179 R 30 0 0 0 493.335
A113 180 L 60 1 1 0 550.2568
A113 181 L 30 0 0 0 378.6051
A113 182 R 90 1 1 0 804.0863
A113 183 R 90 1 1 0 558.6668
A113 184 F 120 0 0 0 617.3623
A113 185 F 0 1 0 1 751.1572
A113 186 R 120 1 1 0 785.6999
A113 187 G 0 1 1 0 765.2674
A113 188 G 0 0 0 0 610.905
A113 189 R 120 1 1 0 675.5143
A113 190 F 90 0 0 0 500.6497
A113 191 F 90 0 0 0 459.3047
A113 192 L 120 1 1 0 631.0386
A113 193 R 60 1 1 0 672.5229
A113 194 R 0 0 0 0 480.9701
A113 195 F 180 0 1 1 849.3356
A113 196 G 90 1 1 0 1261.6444
A113 197 L 60 0 0 0 655.6107
A113 198 F 60 1 1 0 1442.6001
A113 199 F 30 1 1 0 510.4761
A113 200 G 30 1 1 0 1179.3896
A113 201 F 30 1 1 0 676.1323
A113 202 L 0 0 0 0 573.2055
A113 203 G 150 1 1 0 552.1294
A113 204 F 150 1 1 0 725.01
A113 205 F 90 1 1 0 457.1179
A113 206 L 0 1 1 0 913.7273
A113 207 L 90 0 0 0 725.2399
A113 208 R 180 0 0 0 1986.4488
A113 209 R 150 1 1 0 952.145
A113 210 F 30 0 0 0 757.0071
A113 211 G 180 1 1 0 639.0343
A113 212 G 60 0 0 0 803.684
A113 213 R 90 0 0 0 596.8239
A113 214 G 120 0 0 0 627.6197
A113 215 F 0 0 0 0 490.8766
A113 216 G 150 0 0 0 670.9481
A113 217 G 90 0 0 0 463.924
A113 218 L 120 0 0 0 567.9632
A113 219 G 180 0 1 1 666.8736
A113 220 F 60 1 1 0 729.1078
A113 221 L 90 1 1 0 975.3977
A113 222 G 120 1 1 0 748.7181
A113 223 G 60 1 1 0 569.3464
A113 224 F 120 1 1 0 551.638
A113 225 R 60 1 1 0 587.9934
A113 226 F 90 1 1 0 602.9386
A113 227 L 90 0 0 0 632.1343
A113 228 G 150 0 0 0 583.1674
A113 229 R 180 1 1 0 1026.5023
A113 230 F 120 1 1 0 851.6284
A113 231 R 30 0 0 0 631.4526
A113 232 G 150 1 1 0 1564.1521
A113 233 R 30 1 0 1 1246.6632
A113 234 R 0 1 1 0 461.2298
A113 235 L 0 0 0 0 457.3126
A113 236 L 60 0 0 0 513.7343
A113 237 L 30 1 1 0 658.4477
A113 238 F 150 0 0 0 791.6012
A113 239 G 120 0 0 0 555.867
A113 240 F 150 1 1 0 825.5234
A113 241 L 180 1 9997 1 2000.0332
A113 242 F 180 1 0 1 799.1113
A113 243 G 90 1 1 0 1276.198
A113 244 F 120 0 0 0 1189.9543
