A335 34 L 0 1 0 1 530.3976
A335 35 F 90 1 0 1 1132.6797
A335 36 R 120 0 0 0 1389.6895
A335 37 R 150 0 0 0 1274.7154
A335 38 F 150 1 9997 1 2000.0402
A335 39 R 90 0 0 0 855.4733
A335 40 F 150 0 0 0 1047.7424
A335 41 G 90 1 0 1 874.2687
A335 42 R 120 1 1 0 1137.6739
A335 43 R 60 1 1 0 666.6199
A335 44 F 30 0 0 0 553.0829
A335 45 F 150 1 1 0 1872.4128
A335 46 G 120 1 0 1 666.4316
A335 47 G 150 0 0 0 839.7766
A335 48 R 180 1 0 1 1361.1104
A335 49 G 150 1 1 0 1220.5856
A335 50 F 180 0 0 0 1125.7252
A335 51 L 180 1 0 1 1390.1543
A335 52 L 90 1 1 0 808.3689
A335 53 R 90 1 1 0 1283.0879
A335 54 L 60 0 0 0 548.8893
A335 55 R 180 0 1 1 1322.5625
A335 56 F 120 0 0 0 715.953
A335 57 F 60 0 0 0 564.8715
A335 58 L 30 0 0 0 504.8848
A335 59 R 30 1 1 0 612.1077
A335 60 R 180 0 0 0 1921.8102
A335 61 G 60 0 0 0 602.8546
A335 62 F 90 0 0 0 862.004
A335 63 G 0 1 1 0 1216.8337
A335 64 R 60 0 0 0 675.4439
A335 65 L 150 0 0 0 564.0158
A335 66 L 30 1 1 0 581.8524
A335 67 R 30 0 0 0 467.872
A335 68 L 180 0 0 0 1433.6378
A335 69 L 0 1 1 0 664.3101
A335 70 G 30 1 1 0 1161.6418
A335 71 L 0 0 0 0 501.4819
A335 72 L 30 0 0 0 429.2889
A335 73 R 90 0 0 0 656.0932
A335 74 G 120 0 0 0 531.179
A335 75 L 120 1 1 0 874.538
A335 76 G 150 0 0 0 902.5966
A335 77 R 150 0 0 0 549.7797
A335 78 L 180 0 0 0 557.1962
A335 79 L 30 1 1 0 626.8165
A335 80 G 150 1 1 0 1218.0028
A335 81 R 90 1 1 0 1163.5789
A335 82 R 150 1 1 0 1509.4061
A335 83 F 150 0 0 0 1314.1335
A335 84 F 60 1 1 0 1013.5523
A335 85 G 0 1 1 0 1048.7811
A335 86 R 0 0 0 0 527.186
A335 87 G 60 0 0 0 476.1954
A335 88 F 180 1 1 0 533.7407
A335 89 L 120 0 0 0 739.9097
A335 90 G 90 0 0 0 515.1493
A335 91 R 0 1 1 0 649.7189
A335 92 G 180 1 1 0 574.6387
A335 93 G 180 0 1 1 422.4269
A335 94 R 180 1 1 0 1303.1726
A335 95 R 150 1 1 0 1172.1506
A335 96 F 0 0 0 0 567.0179
A335 97 R 0 0 0 0 376.0087
A335 98 G 180 1 1 0 547.9819
A335 99 G 60 1 0 1 776.1134
A335 100 R 30 0 0 0 580.6406
A335 101 G 180 0 0 0 1397.9539
A335 102 F 0 1 1 0 1401.698
A335 103 F 90 1 1 0 1105.4156
A335 104 R 120 1 1 0 1142.4611
A335 105 R 120 0 0 0 654.874
A335 106 F 60 1 1 0 969.5132
A335 107 F 120 0 1 1 411.7833
A335 108 L 150 1 1 0 1346.3502
A335 109 G 0 0 0 0 660.5306
A335 110 L 120 1 1 0 1018.8152
A335 111 L 60 1 1 0 659.6118
A335 112 R 30 1 1 0 703.7188
A335 113 G 90 1 0 1 689.8771
A335 114 L 60 1 1 0 938.9668
A335 115 L 150 0 0 0 891.9924
A335 116 R 60 1 1 0 611.6931
A335 117 F 0 0 0 0 555.6541
A335 118 G 30 0 0 0 480.0029
A335 119 L 180 1 1 0 539.2819
A335 120 L 120 0 0 0 678.6734
A335 121 R 60 0 1 1 973.9791
A335 122 F 30 0 0 0 714.6478
A335 123 F 180 1 1 0 568.6396
A335 124 F 120 1 1 0 663.2597
A335 125 L 90 1 1 0 731.0491
A335 126 G 90 0 0 0 635.5799
A335 127 F 180 0 1 1 501.4319
A335 128 L 0 0 0 0 443.0111
A335 129 L 150 1 1 0 479.44
A335 130 L 90 0 0 0 511.0921
A335 131 G 0 0 0 0 525.4464
A335 132 F 60 0 0 0 517.0772
A335 133 G 60 1 1 0 616.5798
A335 134 R 0 1 1 0 658.2096
A335 135 L 60 0 0 0 463.3511
A335 136 G 30 0 0 0 458.7368
A335 137 F 120 1 1 0 459.1771
A335 138 F 90 0 1 1 539.6814
A335 139 G 30 1 1 0 729.046
A335 140 F 0 1 1 0 736.0975
A335 141 G 120 0 0 0 491.9933
A335 142 L 90 0 0 0 510.4501
A335 143 F 30 1 1 0 525.0259
A335 144 G 120 1 1 0 684.1389
A335 145 F 30 1 1 0 538.6199
A335 146 R 30 1 1 0 681.5257
A335 147 L 90 1 1 0 683.7995
A335 148 F 180 1 1 0 652.2075
A335 149 L 60 0 0 0 712.9942
A335 150 F 120 0 0 0 626.6397
A335 151 L 90 1 1 0 716.0131
A335 152 G 90 0 0 0 726.1063
A335 153 R 0 0 0 0 479.0229
A335 154 L 60 0 0 0 419.2131
A335 155 L 90 0 0 0 505.9042
A335 156 F 60 0 0 0 1054.9327
A335 157 G 60 1 1 0 797.3997
A335 158 R 60 1 1 0 756.4224
A335 159 L 150 1 0 1 882.7368
A335 160 F 60 1 1 0 1222.4146
A335 161 F 30 0 0 0 966.3834
A335 162 F 150 1 1 0 599.6815
A335 163 R 180 1 1 0 506.8929
A335 164 R 0 1 1 0 841.7061
A335 165 R 150 0 1 1 418.159
A335 166 R 30 0 0 0 542.686
A335 167 R 30 0 0 0 441.7112
A335 168 F 90 0 0 0 493.5105
A335 169 R 90 1 1 0 505.4028
A335 170 G 90 1 1 0 695.0157
A335 171 F 60 0 0 0 475.3339
A335 172 G 30 0 0 0 400.8202
A335 173 R 0 1 1 0 453.1338
A335 174 G 0 0 0 0 582.0919
A335 175 G 30 0 0 0 368.2281
A335 176 L 120 1 1 0 571.4732
A335 177 R 90 0 0 0 620.0377
A335 178 R 150 1 1 0 502.1144
A335 179 F 120 0 0 0 475.2691
A335 180 F 0 0 0 0 473.7239
A335 181 G 60 1 1 0 487.0166
A335 182 L 150 0 0 0 552.8608
A335 183 L 150 1 0 1 1205.4412
A335 184 L 30 1 0 1 811.6705
A335 185 R 180 0 0 0 1198.2146
A335 186 R 180 1 1 0 679.2618
A335 187 G 150 0 0 0 975.8207
A335 188 R 90 1 1 0 667.9067
A335 189 R 150 1 1 0 904.546
A335 190 R 150 0 0 0 768.8382
A335 191 L 0 1 1 0 811.5657
A335 192 F 90 0 0 0 619.8671
A335 193 G 0 1 1 0 568.9533
A335 194 R 180 0 1 1 485.2041
A335 195 F 30 1 1 0 921.2383
A335 196 F 60 1 1 0 859.7157
A335 197 F 0 0 0 0 468.2855
A335 198 R 120 1 1 0 762.9364
A335 199 G 0 1 1 0 555.572
A335 200 L 60 1 0 1 935.3211
A335 201 L 90 0 0 0 549.2044
A335 202 G 30 1 1 0 545.9549
A335 203 L 0 0 0 0 490.214
A335 204 L 180 1 1 0 707.2441
A335 205 G 90 0 0 0 646.7196
A335 206 F 90 1 1 0 628.6042
A335 207 G 120 1 1 0 1099.7085
A335 208 R 60 0 0 0 515.7234
A335 209 F 30 1 1 0 492.0969
A335 210 F 90 1 1 0 550.3241
A335 211 L 30 0 0 0 517.0858
A335 212 G 180 1 1 0 609.5188
A335 213 R 120 1 1 0 629.9597
A335 214 G 90 1 1 0 777.3924
A335 215 L 120 0 0 0 608.1468
A335 216 L 30 1 1 0 521.742
A335 217 R 60 0 0 0 455.8023
A335 218 F 0 1 1 0 483.1634
A335 219 R 120 0 0 0 473.199
A335 220 G 180 1 1 0 534.7185
A335 221 G 120 0 0 0 605.475
A335 222 R 120 0 0 0 638.5021
A335 223 G 30 1 1 0 697.3152
A335 224 G 60 0 0 0 534.1645
A335 225 F 180 1 1 0 515.5055
A335 226 L 180 1 1 0 971.119
A335 227 F 0 1 1 0 580.6073
A335 228 L 0 0 0 0 539.8435
A335 229 F 30 0 0 0 559.235
A335 230 F 120 1 1 0 1113.5471
A335 231 G 120 0 0 0 568.2999
A335 232 L 0 1 1 0 557.3035
A335 233 F 180 0 1 1 634.8324
A335 234 G 120 1 1 0 917.6513
A335 235 G 180 0 1 1 911.7198
A335 236 G 0 0 0 0 557.8108
A335 237 F 150 0 1 1 562.0167
A335 238 F 150 1 1 0 785.7521
A335 239 L 180 0 1 1 599.753
A335 240 F 180 0 1 1 767.4372
A335 241 R 30 1 1 0 1276.1812
A335 242 L 30 0 0 0 645.7128
A335 243 G 150 0 1 1 456.6268
A335 244 L 60 1 1 0 848.857
A335 245 R 0 0 0 0 423.617
A335 246 G 180 0 1 1 512.3632
A335 247 F 120 1 1 0 432.9763
A335 248 L 120 1 1 0 616.8393
A335 249 L 120 0 0 0 585.5113
A335 250 G 150 1 1 0 526.025
A335 251 G 150 1 1 0 488.8984
A335 252 G 60 0 0 0 535.701
A335 253 R 90 0 0 0 637.4414
A335 254 L 180 0 1 1 499.3911
A335 255 L 150 0 1 1 1299.4252
A335 256 R 60 1 1 0 670.7931
A335 257 F 150 0 0 0 1080.0289
