C007 27 R 90 1 0 1 1025.0891
C007 28 G 0 1 1 0 887.8144
C007 29 L 150 0 0 0 716.6307
C007 30 G 120 0 0 0 1501.9787
C007 31 R 60 1 1 0 939.5666
C007 32 R 30 0 0 0 1011.7681
C007 33 L 0 1 1 0 792.511
C007 34 L 90 0 0 0 931.519
C007 35 R 0 1 1 0 1038.0434
C007 36 G 150 1 1 0 1100.1841
C007 37 F 60 1 0 1 963.6836
C007 38 L 60 1 0 1 833.0749
C007 39 L 0 1 0 1 715.6563
C007 40 G 180 0 1 1 1020.0235
C007 41 F 150 0 1 1 1104.9244
C007 42 G 90 1 1 0 1359.4113
C007 43 R 150 1 1 0 1220.9191
C007 44 G 120 1 0 1 1960.5419
C007 45 F 30 0 0 0 1595.6017
C007 46 L 120 0 1 1 1551.0588
C007 47 G 150 0 0 0 1371.894
C007 48 R 120 0 9997 1 2000.0322
C007 49 L 180 0 0 0 1121.1219
C007 50 G 30 1 0 1 1393.2596
C007 51 F 0 0 0 0 1514.6568
C007 52 R 120 0 1 1 1203.9103
C007 53 R 120 1 0 1 1719.7652
C007 54 L 180 1 9997 1 2000.0366
C007 55 G 60 0 1 1 901.9832
C007 56 R 120 1 1 0 1531.8066
C007 57 F 120 0 0 0 1350
C007 58 G 90 0 0 0 1672.0734
C007 59 R 90 1 1 0 900.5502
C007 60 L 90 1 0 1 1139.469
C007 61 R 90 0 0 0 1019.6492
C007 62 F 0 1 1 0 828.9222
C007 63 L 150 1 0 1 1531.2571
C007 64 R 60 0 0 0 909.7675
C007 65 G 60 1 1 0 806.7492
C007 66 L 30 0 0 0 805.9672
C007 67 L 0 0 0 0 831.217
C007 68 L 30 0 0 0 798.1353
C007 69 L 180 0 1 1 1040.3772
C007 70 G 180 1 0 1 1903.2714
C007 71 F 180 1 0 1 1815.581
C007 72 G 30 0 0 0 847.6032
C007 73 G 120 1 1 0 1546.0803
C007 74 R 60 1 1 0 1023.2245
C007 75 F 30 1 1 0 1054.3694
C007 76 G 180 0 1 1 1079.7568
C007 77 G 0 0 0 0 954.1088
C007 78 F 90 1 1 0 1581.2514
C007 79 F 0 1 1 0 760.5846
C007 80 F 60 0 0 0 821.9526
C007 81 F 60 0 0 0 858.9474
C007 82 R 150 0 1 1 1043.6936
C007 83 F 150 0 0 0 1817.2161
C007 84 R 180 0 0 0 1594.1316
C007 85 R 30 0 0 0 978.4915
C007 86 G 120 0 0 0 1180.6574
C007 87 L 30 1 1 0 907.274
C007 88 F 150 1 1 0 1922.6044
C007 89 F 90 0 0 0 974.2969
C007 90 R 150 1 1 0 1485.2884
C007 91 G 150 0 1 1 1364.2411
C007 92 F 150 1 1 0 1196.9171
C007 93 G 180 1 0 1 1564.5438
C007 94 R 0 0 0 0 1097.4836
C007 95 F 30 1 1 0 878.2073
C007 96 L 150 1 0 1 1404.2569
C007 97 F 90 0 0 0 962.0288
C007 98 F 30 0 0 0 1188.6718
C007 99 R 0 0 0 0 731.1686
C007 100 G 90 1 1 0 1030.3365
C007 101 G 150 1 1 0 1246.2873
C007 102 R 180 0 0 0 1202.7015
C007 103 L 120 1 0 1 1001.2983
C007 104 G 90 0 1 1 904.892
C007 105 G 0 0 0 0 897.9917
C007 106 F 180 0 0 0 1087.3376
C007 107 L 60 0 0 0 701.9663
C007 108 L 90 0 0 0 907.2008
C007 109 L 60 1 1 0 797.4332
C007 110 L 180 1 0 1 1211.2894
C007 111 R 180 1 1 0 1053.6789
C007 112 R 30 1 1 0 779.141
C007 113 F 180 1 1 0 1324.3879
C007 114 R 90 0 0 0 868.0565
C007 115 R 60 0 1 1 841.0301
C007 116 L 90 1 1 0 1232.4967
C007 117 R 150 0 0 0 1389.2594
C007 118 F 120 0 0 0 1559.5885
C007 119 F 90 1 1 0 842.1979
C007 120 R 0 1 0 1 784.5448
C007 121 L 60 0 0 0 856.4563
C007 122 L 120 0 0 0 1659.4386
C007 123 R 30 1 1 0 612.1856
C007 124 L 0 0 0 0 897.9118
C007 125 G 60 0 0 0 973.539
C007 126 F 0 0 0 0 586.4185
C007 127 F 60 1 1 0 778.5713
C007 128 F 120 1 1 0 969.5778
C007 129 L 120 1 1 0 746.9499
C007 130 G 60 1 1 0 664.5677
C007 131 R 180 1 1 0 1046.0678
C007 132 L 30 1 1 0 695.3426
C007 133 L 150 0 0 0 1694.0049
C007 134 G 30 1 1 0 677.3858
C007 135 F 120 1 1 0 841.134
C007 136 G 0 1 1 0 657.2367
C007 137 G 30 0 0 0 651.5605
C007 138 F 180 0 0 0 1511.2032
C007 139 L 180 0 0 0 1164.6023
C007 140 F 150 0 0 0 996.7437
C007 141 L 180 0 0 0 1195.2897
C007 142 F 60 1 1 0 727.5563
C007 143 R 150 1 1 0 1196.8434
C007 144 L 180 1 1 0 1230.9665
C007 145 G 150 0 0 0 1006.1444
C007 146 R 120 1 1 0 913.8716
C007 147 R 60 1 1 0 639.879
C007 148 L 30 0 0 0 610.5226
C007 149 G 120 0 0 0 1070.5747
C007 150 G 30 0 1 1 851.3984
C007 151 G 180 1 1 0 1494.6857
C007 152 G 120 1 1 0 975.6202
C007 153 F 30 0 0 0 611.5413
C007 154 R 90 0 0 0 1116.8306
C007 155 F 90 1 1 0 793.9431
C007 156 F 0 1 1 0 698.6787
C007 157 G 120 0 0 0 1256.4309
C007 158 F 90 0 0 0 1019.8272
C007 159 L 150 0 0 0 973.5
C007 160 R 150 0 0 0 1103.3961
C007 161 G 60 0 0 0 703.3771
C007 162 F 60 0 0 0 618.6697
C007 163 F 180 1 1 0 1142.7296
C007 164 R 0 1 1 0 1514.0822
C007 165 G 90 1 1 0 930.419
C007 166 F 150 1 1 0 647.9096
C007 167 L 60 0 0 0 775.2775
C007 168 F 30 1 0 1 579.8574
C007 169 L 0 1 0 1 703.7034
C007 170 L 0 0 0 0 796.4929
C007 171 F 120 1 1 0 632.136
C007 172 R 30 0 0 0 759.1545
C007 173 L 150 0 0 0 970.6605
C007 174 L 150 1 1 0 689.6144
C007 175 L 0 0 0 0 701.8484
C007 176 F 120 0 0 0 886.4463
C007 177 L 30 1 1 0 779.0934
C007 178 L 120 1 1 0 770.8125
C007 179 R 90 1 1 0 638.3367
C007 180 G 180 0 0 0 1269.7221
C007 181 G 150 0 0 0 926.6257
C007 182 G 90 0 0 0 683.4036
C007 183 R 30 0 1 1 796.4492
C007 184 R 120 1 1 0 719.2032
C007 185 L 30 0 0 0 700.1459
C007 186 F 60 0 0 0 700.5679
C007 187 R 180 0 1 1 926.2908
C007 188 G 30 0 0 0 1110.5717
C007 189 G 30 1 1 0 758.3134
C007 190 F 180 1 1 0 1301.2707
C007 191 F 0 0 0 0 769.4699
C007 192 R 120 0 0 0 1188.9181
C007 193 G 180 1 1 0 1386.5917
C007 194 R 180 1 1 0 1093.2539
C007 195 G 0 0 0 0 663.1337
C007 196 R 180 1 1 0 1101.7056
C007 197 F 0 1 1 0 683.4845
C007 198 F 90 1 1 0 701.0611
C007 199 L 150 1 1 0 744.1638
C007 200 R 30 1 1 0 560.7934
C007 201 G 150 1 1 0 639.1076
C007 202 R 60 0 0 0 705.6907
C007 203 F 60 1 1 0 846.5244
C007 204 G 60 0 0 0 684.8155
C007 205 G 60 1 1 0 808.8991
C007 206 R 150 1 1 0 657.4181
C007 207 L 30 1 1 0 1222.4556
C007 208 R 0 0 0 0 732.1517
C007 209 L 120 0 0 0 1050.1363
C007 210 G 0 0 0 0 738.671
C007 211 G 180 0 1 1 775.3593
C007 212 L 120 1 1 0 1012.2614
C007 213 R 60 0 0 0 678.4396
C007 214 G 0 1 0 1 764.5444
C007 215 F 180 0 0 0 1411.93
C007 216 F 180 0 0 0 959.7571
C007 217 R 180 0 0 0 1440.1166
C007 218 G 90 1 1 0 1148.2619
C007 219 F 90 0 0 0 964.8857
C007 220 R 90 1 1 0 733.4947
C007 221 G 150 1 1 0 1062.8885
C007 222 F 0 0 0 0 644.1428
C007 223 L 60 1 1 0 718.4742
C007 224 G 0 1 1 0 693.9726
C007 225 F 150 0 0 0 959.9
C007 226 L 0 1 1 0 943.1981
C007 227 G 60 1 1 0 595.1205
C007 228 F 120 0 0 0 708.6433
C007 229 L 60 1 1 0 762.0797
C007 230 R 150 0 0 0 995.917
C007 231 L 90 0 0 0 959.5121
C007 232 R 60 1 1 0 665.8188
C007 233 R 30 1 1 0 570.9307
C007 234 L 90 1 1 0 809.9414
C007 235 F 120 1 1 0 1077.1218
C007 236 F 30 1 1 0 720.8638
C007 237 L 90 0 0 0 814.534
C007 238 R 90 0 0 0 1023.2105
C007 239 R 120 0 0 0 592.7568
C007 240 L 120 0 0 0 687.3716
C007 241 L 180 1 9997 1 2000.0322
C007 242 R 0 1 1 0 666.901
C007 243 F 150 1 1 0 788.2072
C007 244 G 120 1 1 0 766.6381
C007 245 F 30 0 0 0 764.3793
C007 246 R 0 0 0 0 953.2436
C007 247 G 30 1 1 0 794.7573
C007 248 L 90 1 1 0 1003.1523
C007 249 G 90 0 0 0 808.5315
C007 250 L 60 0 0 0 667.7436
