H008 15 L 60 1 1 0 856.9575
H008 16 L 0 0 1 1 1009.4233
H008 17 F 60 1 0 1 949.0921
H008 18 F 0 0 1 1 1039.9783
H008 19 L 150 1 1 0 1164.1692
H008 20 G 30 0 0 0 1291.8731
H008 21 L 30 1 1 0 1887.2102
H008 22 G 180 0 0 0 982.5232
H008 23 L 0 1 1 0 910.5347
H008 24 L 90 1 1 0 1230.0005
H008 25 G 0 1 0 1 572.2965
H008 26 G 60 1 1 0 1353.9411
H008 27 R 0 0 0 0 933.976
H008 28 F 30 0 1 1 921.9918
H008 29 L 60 1 1 0 1434.2669
H008 30 R 120 1 0 1 1713.6572
H008 31 R 30 1 0 1 1100.6639
H008 32 F 90 0 0 0 1366.3007
H008 33 R 90 1 1 0 755.696
H008 34 G 150 0 1 1 770.8346
H008 35 L 30 0 9997 1 2000.0394
H008 36 R 60 0 0 0 858.0764
H008 37 F 60 0 0 0 518.1966
H008 38 G 90 1 1 0 1442.7769
H008 39 L 180 1 1 0 981.8256
H008 40 F 150 0 0 0 863.9573
H008 41 L 30 0 0 0 691.5019
H008 42 F 150 1 1 0 976.8635
H008 43 R 60 1 1 0 854.0669
H008 44 R 90 0 1 1 1011.6286
H008 45 R 180 0 0 0 1737.4862
H008 46 G 0 0 0 0 859.2863
H008 47 L 90 0 0 0 822.7191
H008 48 R 60 0 0 0 521.1799
H008 49 R 150 1 1 0 782.8397
H008 50 G 120 0 0 0 851.9038
H008 51 G 0 0 0 0 535.5169
H008 52 F 180 0 0 0 1241.9143
H008 53 G 90 1 1 0 748.4049
H008 54 R 150 0 0 0 1927.3964
H008 55 L 120 0 0 0 1921.9093
H008 56 F 30 0 0 0 744.7338
H008 57 L 60 0 0 0 571.272
H008 58 F 60 1 1 0 641.4304
H008 59 G 120 1 1 0 930.0023
H008 60 R 30 1 1 0 660.3032
H008 61 G 60 0 0 0 642.7753
H008 62 L 180 0 0 0 1265.2954
H008 63 L 90 1 1 0 674.2449
H008 64 G 90 0 0 0 653.5856
H008 65 F 0 0 1 1 548.0532
H008 66 G 150 1 1 0 1046.2176
H008 67 R 90 0 0 0 545.5691
H008 68 L 120 0 0 0 758.2433
H008 69 R 0 1 1 0 604.6506
H008 70 L 180 1 1 0 898.5064
H008 71 R 180 1 0 1 754.9325
H008 72 F 120 1 1 0 1634.8801
H008 73 G 60 1 1 0 662.2501
H008 74 G 180 0 0 0 1447.8192
H008 75 F 150 1 1 0 1778.8009
H008 76 G 30 0 0 0 655.2193
H008 77 F 30 1 1 0 730.8907
H008 78 R 150 0 0 0 920.617
H008 79 L 180 0 0 0 1107.5114
H008 80 G 120 0 0 0 604.2595
H008 81 G 90 0 0 0 431.7859
H008 82 G 0 1 1 0 731.5103
H008 83 R 180 1 1 0 1675.6037
H008 84 F 0 1 1 0 808.729
H008 85 L 30 1 1 0 715.9675
H008 86 L 150 0 0 0 1659.98
H008 87 L 0 0 0 0 683.1421
H008 88 F 180 0 0 0 914.0514
H008 89 G 60 0 0 0 640.1814
H008 90 L 60 0 0 0 625.4119
H008 91 F 90 0 0 0 455.9471
H008 92 R 180 0 0 0 1187.8803
H008 93 G 150 0 0 0 662.011
H008 94 R 0 0 0 0 788.8681
H008 95 R 120 0 0 0 451.3074
H008 96 L 150 1 1 0 754.7498
H008 97 L 0 1 1 0 435.1589
H008 98 G 150 1 1 0 847.9851
H008 99 F 60 0 0 0 604.512
H008 100 R 0 1 1 0 691.7812
H008 101 F 180 1 1 0 911.8209
H008 102 R 150 1 1 0 692.8721
H008 103 R 30 0 0 0 620.7778
H008 104 F 180 1 1 0 970.9871
H008 105 G 30 1 1 0 751.8637
H008 106 R 60 1 1 0 429.7418
H008 107 F 90 1 1 0 554.7442
H008 108 R 90 1 1 0 507.0365
H008 109 L 150 0 1 1 610.9195
H008 110 F 30 1 1 0 699.2051
H008 111 G 120 1 1 0 758.7872
H008 112 L 120 1 1 0 622.7389
H008 113 F 120 0 0 0 518.8313
H008 114 R 120 1 1 0 704.3714
H008 115 F 150 0 0 0 1017.9196
H008 116 G 180 1 1 0 1262.1428
H008 117 F 90 1 1 0 871.9273
H008 118 F 0 1 0 1 694.0385
H008 119 L 120 1 1 0 1093.715
H008 120 L 90 0 0 0 781.8832
H008 121 R 120 0 0 0 708.6186
H008 122 F 120 1 1 0 813.407
H008 123 G 30 1 1 0 756.3587
H008 124 F 120 0 0 0 669.4722
H008 125 G 180 1 1 0 1445.2309
H008 126 R 30 0 0 0 636.2094
H008 127 L 60 1 1 0 685.4746
H008 128 G 180 1 0 1 1101.538
H008 129 G 60 0 0 0 594.9505
H008 130 G 60 0 0 0 521.9515
H008 131 G 30 0 0 0 391.4911
H008 132 G 150 1 1 0 644.7956
H008 133 R 90 1 1 0 624.4031
H008 134 G 0 0 0 0 631.8147
H008 135 L 60 0 0 0 863.11
H008 136 G 120 0 0 0 788.4564
H008 137 G 30 0 0 0 477.8426
H008 138 F 90 0 0 0 639.8475
H008 139 F 90 1 1 0 658.5102
H008 140 R 30 1 1 0 704.0426
H008 141 G 120 0 1 1 514.388
H008 142 F 150 0 0 0 1331.6706
H008 143 R 150 0 0 0 699.9649
H008 144 F 90 0 0 0 519.649
H008 145 R 60 1 1 0 628.0108
H008 146 F 30 0 0 0 697.0378
H008 147 G 90 1 1 0 617.4799
H008 148 L 120 1 1 0 633.7571
H008 149 L 150 1 1 0 631.2679
H008 150 F 120 1 1 0 627.2761
H008 151 F 60 0 1 1 571.1919
H008 152 G 150 0 0 0 696.5237
H008 153 L 30 0 0 0 505.6578
H008 154 R 60 0 0 0 559.8172
H008 155 R 0 1 1 0 530.6431
H008 156 R 120 1 1 0 496.959
H008 157 F 150 1 1 0 518.9333
H008 158 R 30 1 1 0 645.4507
H008 159 F 0 1 1 0 504.0185
H008 160 G 60 1 1 0 565.5657
H008 161 R 180 1 1 0 1721.973
H008 162 L 150 0 1 1 928.254
H008 163 F 180 1 1 0 1575.9679
H008 164 R 90 0 0 0 1245.5136
H008 165 R 0 1 1 0 717.007
H008 166 L 90 1 1 0 676.7086
H008 167 R 60 0 0 0 766.6195
H008 168 G 150 1 1 0 849.6619
H008 169 F 150 0 0 0 809.9513
H008 170 F 0 1 1 0 736.747
H008 171 G 0 0 0 0 817.2139
H008 172 R 150 1 1 0 817.1617
H008 173 F 90 1 1 0 822.005
H008 174 R 60 1 1 0 665.5441
H008 175 F 180 0 1 1 673.2534
H008 176 L 30 1 1 0 1512.0095
H008 177 L 60 1 1 0 555.1253
H008 178 G 0 1 0 1 640.4582
H008 179 L 0 0 0 0 1474.2714
H008 180 R 120 0 0 0 714.7149
H008 181 G 0 1 1 0 638.1381
H008 182 R 0 0 0 0 842.2191
H008 183 G 150 0 0 0 976.1607
H008 184 L 150 0 0 0 635.2441
H008 185 R 150 0 0 0 664.3031
H008 186 R 90 1 1 0 629.8362
H008 187 G 90 1 1 0 589.7504
H008 188 R 180 1 1 0 1443.1862
H008 189 G 180 0 0 0 1342.4804
H008 190 L 180 0 0 0 1036.7407
H008 191 G 180 0 0 0 573.9492
H008 192 R 180 0 0 0 636.3471
H008 193 F 180 0 0 0 695.1783
H008 194 F 0 0 0 0 705.2078
H008 195 R 120 1 1 0 741.1358
H008 196 L 150 1 1 0 569.5805
H008 197 R 150 1 1 0 498.8271
H008 198 R 180 0 1 1 464.321
H008 199 R 30 0 0 0 1298.983
H008 200 L 180 1 1 0 741.2956
H008 201 L 60 0 1 1 518.032
H008 202 L 120 1 1 0 1287.0586
H008 203 L 90 1 1 0 677.549
H008 204 R 120 0 0 0 901.7004
H008 205 R 30 0 0 0 425.0747
H008 206 F 150 1 1 0 664.6649
H008 207 F 30 0 0 0 705.8224
H008 208 F 60 0 0 0 501.5696
H008 209 G 180 1 1 0 522.7692
H008 210 L 30 0 0 0 842.6361
H008 211 F 30 1 1 0 679.4827
H008 212 G 30 1 1 0 838.3479
H008 213 F 30 1 1 0 440.3853
H008 214 G 90 0 0 0 884.7971
H008 215 F 120 1 1 0 588.8969
H008 216 G 120 1 1 0 556.0327
H008 217 F 60 1 1 0 945.4104
H008 218 L 30 1 1 0 544.9162
H008 219 F 120 0 0 0 672.7495
H008 220 R 0 0 1 1 732.24
H008 221 L 180 1 1 0 1121.4207
H008 222 G 120 1 0 1 1400.6951
H008 223 F 180 1 9997 1 2000.0397
H008 224 F 60 1 1 0 939.9555
H008 225 G 30 1 1 0 676.1021
H008 226 L 0 1 1 0 542.9268
H008 227 L 0 1 1 0 1538.191
H008 228 L 90 0 0 0 718.4382
H008 229 F 0 0 0 0 716.65
H008 230 G 60 1 1 0 647.5977
H008 231 L 180 0 9997 1 2000.0391
H008 232 F 120 0 0 0 1332.2417
H008 233 L 120 0 0 0 579.9106
H008 234 L 120 0 0 0 413.973
H008 235 G 90 0 0 0 456.2812
H008 236 L 90 0 0 0 443.3795
H008 237 R 90 0 0 0 559.7295
H008 238 L 0 0 0 0 537.4082
